onset	duration	sample	trial_type	value	experiment_id	Clip_name	ExperimentID	boundary1_time	boundary2_time	boundary3_time	fixcross_time	stimCategory	RT	accuracy	boundary_type	confidence	frameName	old_new	resp_value	source_response_time	stimuli_type	trial_num	leftright	resp_key	source_table	source_row_id	source_start_time	source_stop_time
0.000000	0.000000	0	ttl	61	70	n/a	n/a	n/a	n/a	n/a	n/a	n/a	n/a	n/a	n/a	n/a	n/a	n/a	n/a	n/a	n/a	n/a	n/a	n/a	n/a	n/a	0.000000	n/a
0.054984	0.000000	11	ttl	11	70	n/a	n/a	n/a	n/a	n/a	n/a	n/a	n/a	n/a	n/a	n/a	n/a	n/a	n/a	n/a	n/a	n/a	n/a	n/a	n/a	n/a	0.054984	n/a
1.014404	7.998689	203	encoding	n/a	n/a	SB_24.mp4	70.0	3.88239075	4.9747335	n/a	0.05498375	1	n/a	n/a	n/a	n/a	n/a	n/a	n/a	n/a	n/a	n/a	n/a	n/a	intervals/encoding_table	0	1.014404	9.013093
1.014404	0.000000	203	ttl	1	70	n/a	n/a	n/a	n/a	n/a	n/a	n/a	n/a	n/a	n/a	n/a	n/a	n/a	n/a	n/a	n/a	n/a	n/a	n/a	n/a	n/a	1.014404	n/a
9.013093	0.000000	1803	ttl	2	70	n/a	n/a	n/a	n/a	n/a	n/a	n/a	n/a	n/a	n/a	n/a	n/a	n/a	n/a	n/a	n/a	n/a	n/a	n/a	n/a	n/a	9.013093	n/a
9.029307	0.000000	1806	ttl	11	70	n/a	n/a	n/a	n/a	n/a	n/a	n/a	n/a	n/a	n/a	n/a	n/a	n/a	n/a	n/a	n/a	n/a	n/a	n/a	n/a	n/a	9.029307	n/a
10.000987	7.298875	2000	encoding	n/a	n/a	SB_8.mp4	70.0	13.735394999999999	n/a	n/a	9.0293075	1	n/a	n/a	n/a	n/a	n/a	n/a	n/a	n/a	n/a	n/a	n/a	n/a	intervals/encoding_table	1	10.000987	17.299863
10.000987	0.000000	2000	ttl	1	70	n/a	n/a	n/a	n/a	n/a	n/a	n/a	n/a	n/a	n/a	n/a	n/a	n/a	n/a	n/a	n/a	n/a	n/a	n/a	n/a	n/a	10.000987	n/a
17.299863	0.000000	3460	ttl	2	70	n/a	n/a	n/a	n/a	n/a	n/a	n/a	n/a	n/a	n/a	n/a	n/a	n/a	n/a	n/a	n/a	n/a	n/a	n/a	n/a	n/a	17.299863	n/a
17.318134	0.000000	3464	ttl	11	70	n/a	n/a	n/a	n/a	n/a	n/a	n/a	n/a	n/a	n/a	n/a	n/a	n/a	n/a	n/a	n/a	n/a	n/a	n/a	n/a	n/a	17.318134	n/a
18.314621	8.031005	3663	encoding	n/a	n/a	HB_21.mp4	70.0	22.314621	n/a	n/a	17.318134	2	n/a	n/a	n/a	n/a	n/a	n/a	n/a	n/a	n/a	n/a	n/a	n/a	intervals/encoding_table	2	18.314621	26.345626
18.314621	0.000000	3663	ttl	1	70	n/a	n/a	n/a	n/a	n/a	n/a	n/a	n/a	n/a	n/a	n/a	n/a	n/a	n/a	n/a	n/a	n/a	n/a	n/a	n/a	n/a	18.314621	n/a
26.345626	0.000000	5269	ttl	2	70	n/a	n/a	n/a	n/a	n/a	n/a	n/a	n/a	n/a	n/a	n/a	n/a	n/a	n/a	n/a	n/a	n/a	n/a	n/a	n/a	n/a	26.345626	n/a
26.364072	0.000000	5273	ttl	11	70	n/a	n/a	n/a	n/a	n/a	n/a	n/a	n/a	n/a	n/a	n/a	n/a	n/a	n/a	n/a	n/a	n/a	n/a	n/a	n/a	n/a	26.364072	n/a
27.350317	8.097790	5470	encoding	n/a	n/a	SB_10.mp4	70.0	33.17476	n/a	n/a	26.36407225	1	n/a	n/a	n/a	n/a	n/a	n/a	n/a	n/a	n/a	n/a	n/a	n/a	intervals/encoding_table	3	27.350317	35.448107
27.350317	0.000000	5470	ttl	1	70	n/a	n/a	n/a	n/a	n/a	n/a	n/a	n/a	n/a	n/a	n/a	n/a	n/a	n/a	n/a	n/a	n/a	n/a	n/a	n/a	n/a	27.350317	n/a
35.448107	0.000000	7090	ttl	2	70	n/a	n/a	n/a	n/a	n/a	n/a	n/a	n/a	n/a	n/a	n/a	n/a	n/a	n/a	n/a	n/a	n/a	n/a	n/a	n/a	n/a	35.448107	n/a
35.466577	0.000000	7093	ttl	11	70	n/a	n/a	n/a	n/a	n/a	n/a	n/a	n/a	n/a	n/a	n/a	n/a	n/a	n/a	n/a	n/a	n/a	n/a	n/a	n/a	n/a	35.466577	n/a
36.506342	8.263464	7301	encoding	n/a	n/a	NB_10.mp4	70.0	40.506342	n/a	n/a	35.4665775	0	n/a	n/a	n/a	n/a	n/a	n/a	n/a	n/a	n/a	n/a	n/a	n/a	intervals/encoding_table	4	36.506342	44.769806
36.506342	0.000000	7301	ttl	1	70	n/a	n/a	n/a	n/a	n/a	n/a	n/a	n/a	n/a	n/a	n/a	n/a	n/a	n/a	n/a	n/a	n/a	n/a	n/a	n/a	n/a	36.506342	n/a
44.769806	0.000000	8954	ttl	2	70	n/a	n/a	n/a	n/a	n/a	n/a	n/a	n/a	n/a	n/a	n/a	n/a	n/a	n/a	n/a	n/a	n/a	n/a	n/a	n/a	n/a	44.769806	n/a
44.785153	0.000000	8957	ttl	11	70	n/a	n/a	n/a	n/a	n/a	n/a	n/a	n/a	n/a	n/a	n/a	n/a	n/a	n/a	n/a	n/a	n/a	n/a	n/a	n/a	n/a	44.785153	n/a
45.820166	8.097941	9164	encoding	n/a	n/a	HB_25.mp4	70.0	49.820166	n/a	n/a	44.785152749999995	2	n/a	n/a	n/a	n/a	n/a	n/a	n/a	n/a	n/a	n/a	n/a	n/a	intervals/encoding_table	5	45.820166	53.918107
45.820166	0.000000	9164	ttl	1	70	n/a	n/a	n/a	n/a	n/a	n/a	n/a	n/a	n/a	n/a	n/a	n/a	n/a	n/a	n/a	n/a	n/a	n/a	n/a	n/a	n/a	45.820166	n/a
53.918107	0.000000	10784	ttl	2	70	n/a	n/a	n/a	n/a	n/a	n/a	n/a	n/a	n/a	n/a	n/a	n/a	n/a	n/a	n/a	n/a	n/a	n/a	n/a	n/a	n/a	53.918107	n/a
53.935628	0.000000	10787	ttl	11	70	n/a	n/a	n/a	n/a	n/a	n/a	n/a	n/a	n/a	n/a	n/a	n/a	n/a	n/a	n/a	n/a	n/a	n/a	n/a	n/a	n/a	53.935628	n/a
54.837002	7.983272	10967	encoding	n/a	n/a	NB_11.mp4	70.0	58.83700225	n/a	n/a	53.935627999999994	0	n/a	n/a	n/a	n/a	n/a	n/a	n/a	n/a	n/a	n/a	n/a	n/a	intervals/encoding_table	6	54.837002	62.820274
54.837002	0.000000	10967	ttl	1	70	n/a	n/a	n/a	n/a	n/a	n/a	n/a	n/a	n/a	n/a	n/a	n/a	n/a	n/a	n/a	n/a	n/a	n/a	n/a	n/a	n/a	54.837002	n/a
62.820274	0.000000	12564	ttl	2	70	n/a	n/a	n/a	n/a	n/a	n/a	n/a	n/a	n/a	n/a	n/a	n/a	n/a	n/a	n/a	n/a	n/a	n/a	n/a	n/a	n/a	62.820274	n/a
74.639117	0.000000	14928	ttl	11	70	n/a	n/a	n/a	n/a	n/a	n/a	n/a	n/a	n/a	n/a	n/a	n/a	n/a	n/a	n/a	n/a	n/a	n/a	n/a	n/a	n/a	74.639117	n/a
75.554915	7.929911	15111	encoding	n/a	n/a	NB_3.mp4	70.0	79.554915	n/a	n/a	74.639117	0	n/a	n/a	n/a	n/a	n/a	n/a	n/a	n/a	n/a	n/a	n/a	n/a	intervals/encoding_table	7	75.554915	83.484825
75.554915	0.000000	15111	ttl	1	70	n/a	n/a	n/a	n/a	n/a	n/a	n/a	n/a	n/a	n/a	n/a	n/a	n/a	n/a	n/a	n/a	n/a	n/a	n/a	n/a	n/a	75.554915	n/a
83.484825	0.000000	16697	ttl	2	70	n/a	n/a	n/a	n/a	n/a	n/a	n/a	n/a	n/a	n/a	n/a	n/a	n/a	n/a	n/a	n/a	n/a	n/a	n/a	n/a	n/a	83.484825	n/a
83.503718	0.000000	16701	ttl	11	70	n/a	n/a	n/a	n/a	n/a	n/a	n/a	n/a	n/a	n/a	n/a	n/a	n/a	n/a	n/a	n/a	n/a	n/a	n/a	n/a	n/a	83.503718	n/a
84.495844	7.530962	16899	encoding	n/a	n/a	SB_3.mp4	70.0	86.13077775	n/a	n/a	83.50371849999999	1	n/a	n/a	n/a	n/a	n/a	n/a	n/a	n/a	n/a	n/a	n/a	n/a	intervals/encoding_table	8	84.495844	92.026805
84.495844	0.000000	16899	ttl	1	70	n/a	n/a	n/a	n/a	n/a	n/a	n/a	n/a	n/a	n/a	n/a	n/a	n/a	n/a	n/a	n/a	n/a	n/a	n/a	n/a	n/a	84.495844	n/a
92.026805	0.000000	18405	ttl	2	70	n/a	n/a	n/a	n/a	n/a	n/a	n/a	n/a	n/a	n/a	n/a	n/a	n/a	n/a	n/a	n/a	n/a	n/a	n/a	n/a	n/a	92.026805	n/a
92.045695	0.000000	18409	ttl	11	70	n/a	n/a	n/a	n/a	n/a	n/a	n/a	n/a	n/a	n/a	n/a	n/a	n/a	n/a	n/a	n/a	n/a	n/a	n/a	n/a	n/a	92.045695	n/a
93.101202	8.034264	18620	encoding	n/a	n/a	SB_13.mp4	70.0	98.88703699999999	n/a	n/a	92.045695	1	n/a	n/a	n/a	n/a	n/a	n/a	n/a	n/a	n/a	n/a	n/a	n/a	intervals/encoding_table	9	93.101202	101.135466
93.101202	0.000000	18620	ttl	1	70	n/a	n/a	n/a	n/a	n/a	n/a	n/a	n/a	n/a	n/a	n/a	n/a	n/a	n/a	n/a	n/a	n/a	n/a	n/a	n/a	n/a	93.101202	n/a
101.135466	0.000000	20227	ttl	2	70	n/a	n/a	n/a	n/a	n/a	n/a	n/a	n/a	n/a	n/a	n/a	n/a	n/a	n/a	n/a	n/a	n/a	n/a	n/a	n/a	n/a	101.135466	n/a
101.154315	0.000000	20231	ttl	11	70	n/a	n/a	n/a	n/a	n/a	n/a	n/a	n/a	n/a	n/a	n/a	n/a	n/a	n/a	n/a	n/a	n/a	n/a	n/a	n/a	n/a	101.154315	n/a
102.217667	8.065747	20444	encoding	n/a	n/a	HB_15.mp4	70.0	106.21766749999999	105.44492575	108.48229925	101.15431475	2	n/a	n/a	n/a	n/a	n/a	n/a	n/a	n/a	n/a	n/a	n/a	n/a	intervals/encoding_table	10	102.217667	110.283414
102.217667	0.000000	20444	ttl	1	70	n/a	n/a	n/a	n/a	n/a	n/a	n/a	n/a	n/a	n/a	n/a	n/a	n/a	n/a	n/a	n/a	n/a	n/a	n/a	n/a	n/a	102.217667	n/a
110.283414	0.000000	22057	ttl	2	70	n/a	n/a	n/a	n/a	n/a	n/a	n/a	n/a	n/a	n/a	n/a	n/a	n/a	n/a	n/a	n/a	n/a	n/a	n/a	n/a	n/a	110.283414	n/a
110.302328	0.000000	22060	ttl	11	70	n/a	n/a	n/a	n/a	n/a	n/a	n/a	n/a	n/a	n/a	n/a	n/a	n/a	n/a	n/a	n/a	n/a	n/a	n/a	n/a	n/a	110.302328	n/a
111.328605	8.033364	22266	encoding	n/a	n/a	HB_14.mp4	70.0	115.3286055	114.07629725	117.250368	110.30232774999999	2	n/a	n/a	n/a	n/a	n/a	n/a	n/a	n/a	n/a	n/a	n/a	n/a	intervals/encoding_table	11	111.328605	119.361970
111.328605	0.000000	22266	ttl	1	70	n/a	n/a	n/a	n/a	n/a	n/a	n/a	n/a	n/a	n/a	n/a	n/a	n/a	n/a	n/a	n/a	n/a	n/a	n/a	n/a	n/a	111.328605	n/a
119.361970	0.000000	23872	ttl	2	70	n/a	n/a	n/a	n/a	n/a	n/a	n/a	n/a	n/a	n/a	n/a	n/a	n/a	n/a	n/a	n/a	n/a	n/a	n/a	n/a	n/a	119.361970	n/a
119.380890	0.000000	23876	ttl	11	70	n/a	n/a	n/a	n/a	n/a	n/a	n/a	n/a	n/a	n/a	n/a	n/a	n/a	n/a	n/a	n/a	n/a	n/a	n/a	n/a	n/a	119.380890	n/a
120.353865	7.764466	24071	encoding	n/a	n/a	NB_23.mp4	70.0	124.35386475	n/a	n/a	119.38088975	0	n/a	n/a	n/a	n/a	n/a	n/a	n/a	n/a	n/a	n/a	n/a	n/a	intervals/encoding_table	12	120.353865	128.118331
120.353865	0.000000	24071	ttl	1	70	n/a	n/a	n/a	n/a	n/a	n/a	n/a	n/a	n/a	n/a	n/a	n/a	n/a	n/a	n/a	n/a	n/a	n/a	n/a	n/a	n/a	120.353865	n/a
128.118331	0.000000	25624	ttl	2	70	n/a	n/a	n/a	n/a	n/a	n/a	n/a	n/a	n/a	n/a	n/a	n/a	n/a	n/a	n/a	n/a	n/a	n/a	n/a	n/a	n/a	128.118331	n/a
128.137125	0.000000	25627	ttl	11	70	n/a	n/a	n/a	n/a	n/a	n/a	n/a	n/a	n/a	n/a	n/a	n/a	n/a	n/a	n/a	n/a	n/a	n/a	n/a	n/a	n/a	128.137125	n/a
129.214624	8.031266	25843	encoding	n/a	n/a	NB_1.mp4	70.0	133.21462424999999	n/a	n/a	128.13712475	0	n/a	n/a	n/a	n/a	n/a	n/a	n/a	n/a	n/a	n/a	n/a	n/a	intervals/encoding_table	13	129.214624	137.245891
129.214624	0.000000	25843	ttl	1	70	n/a	n/a	n/a	n/a	n/a	n/a	n/a	n/a	n/a	n/a	n/a	n/a	n/a	n/a	n/a	n/a	n/a	n/a	n/a	n/a	n/a	129.214624	n/a
137.245891	0.000000	27449	ttl	2	70	n/a	n/a	n/a	n/a	n/a	n/a	n/a	n/a	n/a	n/a	n/a	n/a	n/a	n/a	n/a	n/a	n/a	n/a	n/a	n/a	n/a	137.245891	n/a
144.168796	0.000000	28834	ttl	11	70	n/a	n/a	n/a	n/a	n/a	n/a	n/a	n/a	n/a	n/a	n/a	n/a	n/a	n/a	n/a	n/a	n/a	n/a	n/a	n/a	n/a	144.168796	n/a
145.118981	8.232906	29024	encoding	n/a	n/a	SB_19.mp4	70.0	147.70339625	150.014352	n/a	144.168796	1	n/a	n/a	n/a	n/a	n/a	n/a	n/a	n/a	n/a	n/a	n/a	n/a	intervals/encoding_table	14	145.118981	153.351888
145.118981	0.000000	29024	ttl	1	70	n/a	n/a	n/a	n/a	n/a	n/a	n/a	n/a	n/a	n/a	n/a	n/a	n/a	n/a	n/a	n/a	n/a	n/a	n/a	n/a	n/a	145.118981	n/a
153.351888	0.000000	30670	ttl	2	70	n/a	n/a	n/a	n/a	n/a	n/a	n/a	n/a	n/a	n/a	n/a	n/a	n/a	n/a	n/a	n/a	n/a	n/a	n/a	n/a	n/a	153.351888	n/a
153.370720	0.000000	30674	ttl	11	70	n/a	n/a	n/a	n/a	n/a	n/a	n/a	n/a	n/a	n/a	n/a	n/a	n/a	n/a	n/a	n/a	n/a	n/a	n/a	n/a	n/a	153.370720	n/a
154.283943	8.667447	30857	encoding	n/a	n/a	NB_6.mp4	70.0	158.2839435	n/a	n/a	153.37071975	0	n/a	n/a	n/a	n/a	n/a	n/a	n/a	n/a	n/a	n/a	n/a	n/a	intervals/encoding_table	15	154.283943	162.951390
154.283943	0.000000	30857	ttl	1	70	n/a	n/a	n/a	n/a	n/a	n/a	n/a	n/a	n/a	n/a	n/a	n/a	n/a	n/a	n/a	n/a	n/a	n/a	n/a	n/a	n/a	154.283943	n/a
162.951390	0.000000	32590	ttl	2	70	n/a	n/a	n/a	n/a	n/a	n/a	n/a	n/a	n/a	n/a	n/a	n/a	n/a	n/a	n/a	n/a	n/a	n/a	n/a	n/a	n/a	162.951390	n/a
162.970534	0.000000	32594	ttl	11	70	n/a	n/a	n/a	n/a	n/a	n/a	n/a	n/a	n/a	n/a	n/a	n/a	n/a	n/a	n/a	n/a	n/a	n/a	n/a	n/a	n/a	162.970534	n/a
164.015964	7.932216	32803	encoding	n/a	n/a	SB_23.mp4	70.0	166.7142225	168.2680685	n/a	162.97053375	1	n/a	n/a	n/a	n/a	n/a	n/a	n/a	n/a	n/a	n/a	n/a	n/a	intervals/encoding_table	16	164.015964	171.948180
164.015964	0.000000	32803	ttl	1	70	n/a	n/a	n/a	n/a	n/a	n/a	n/a	n/a	n/a	n/a	n/a	n/a	n/a	n/a	n/a	n/a	n/a	n/a	n/a	n/a	n/a	164.015964	n/a
171.948180	0.000000	34390	ttl	2	70	n/a	n/a	n/a	n/a	n/a	n/a	n/a	n/a	n/a	n/a	n/a	n/a	n/a	n/a	n/a	n/a	n/a	n/a	n/a	n/a	n/a	171.948180	n/a
171.967158	0.000000	34393	ttl	11	70	n/a	n/a	n/a	n/a	n/a	n/a	n/a	n/a	n/a	n/a	n/a	n/a	n/a	n/a	n/a	n/a	n/a	n/a	n/a	n/a	n/a	171.967158	n/a
173.020517	7.996710	34604	encoding	n/a	n/a	NB_2.mp4	70.0	177.02051724999998	n/a	n/a	171.96715774999998	0	n/a	n/a	n/a	n/a	n/a	n/a	n/a	n/a	n/a	n/a	n/a	n/a	intervals/encoding_table	17	173.020517	181.017227
173.020517	0.000000	34604	ttl	1	70	n/a	n/a	n/a	n/a	n/a	n/a	n/a	n/a	n/a	n/a	n/a	n/a	n/a	n/a	n/a	n/a	n/a	n/a	n/a	n/a	n/a	173.020517	n/a
181.017227	0.000000	36203	ttl	2	70	n/a	n/a	n/a	n/a	n/a	n/a	n/a	n/a	n/a	n/a	n/a	n/a	n/a	n/a	n/a	n/a	n/a	n/a	n/a	n/a	n/a	181.017227	n/a
181.036178	0.000000	36207	ttl	11	70	n/a	n/a	n/a	n/a	n/a	n/a	n/a	n/a	n/a	n/a	n/a	n/a	n/a	n/a	n/a	n/a	n/a	n/a	n/a	n/a	n/a	181.036178	n/a
182.115843	7.933830	36423	encoding	n/a	n/a	SB_1.mp4	70.0	187.1894615	n/a	n/a	181.03617799999998	1	n/a	n/a	n/a	n/a	n/a	n/a	n/a	n/a	n/a	n/a	n/a	n/a	intervals/encoding_table	18	182.115843	190.049673
182.115843	0.000000	36423	ttl	1	70	n/a	n/a	n/a	n/a	n/a	n/a	n/a	n/a	n/a	n/a	n/a	n/a	n/a	n/a	n/a	n/a	n/a	n/a	n/a	n/a	n/a	182.115843	n/a
190.049673	0.000000	38010	ttl	2	70	n/a	n/a	n/a	n/a	n/a	n/a	n/a	n/a	n/a	n/a	n/a	n/a	n/a	n/a	n/a	n/a	n/a	n/a	n/a	n/a	n/a	190.049673	n/a
195.968528	0.000000	39194	ttl	11	70	n/a	n/a	n/a	n/a	n/a	n/a	n/a	n/a	n/a	n/a	n/a	n/a	n/a	n/a	n/a	n/a	n/a	n/a	n/a	n/a	n/a	195.968528	n/a
197.021894	7.895964	39404	encoding	n/a	n/a	HB_30.mp4	70.0	201.0218935	n/a	n/a	195.96852825	2	n/a	n/a	n/a	n/a	n/a	n/a	n/a	n/a	n/a	n/a	n/a	n/a	intervals/encoding_table	19	197.021894	204.917857
197.021894	0.000000	39404	ttl	1	70	n/a	n/a	n/a	n/a	n/a	n/a	n/a	n/a	n/a	n/a	n/a	n/a	n/a	n/a	n/a	n/a	n/a	n/a	n/a	n/a	n/a	197.021894	n/a
204.917857	0.000000	40984	ttl	2	70	n/a	n/a	n/a	n/a	n/a	n/a	n/a	n/a	n/a	n/a	n/a	n/a	n/a	n/a	n/a	n/a	n/a	n/a	n/a	n/a	n/a	204.917857	n/a
204.936761	0.000000	40987	ttl	11	70	n/a	n/a	n/a	n/a	n/a	n/a	n/a	n/a	n/a	n/a	n/a	n/a	n/a	n/a	n/a	n/a	n/a	n/a	n/a	n/a	n/a	204.936761	n/a
206.026138	8.030431	41205	encoding	n/a	n/a	HB_17.mp4	70.0	210.02613825	n/a	n/a	204.9367615	2	n/a	n/a	n/a	n/a	n/a	n/a	n/a	n/a	n/a	n/a	n/a	n/a	intervals/encoding_table	20	206.026138	214.056569
206.026138	0.000000	41205	ttl	1	70	n/a	n/a	n/a	n/a	n/a	n/a	n/a	n/a	n/a	n/a	n/a	n/a	n/a	n/a	n/a	n/a	n/a	n/a	n/a	n/a	n/a	206.026138	n/a
214.056569	0.000000	42811	ttl	2	70	n/a	n/a	n/a	n/a	n/a	n/a	n/a	n/a	n/a	n/a	n/a	n/a	n/a	n/a	n/a	n/a	n/a	n/a	n/a	n/a	n/a	214.056569	n/a
214.074980	0.000000	42815	ttl	11	70	n/a	n/a	n/a	n/a	n/a	n/a	n/a	n/a	n/a	n/a	n/a	n/a	n/a	n/a	n/a	n/a	n/a	n/a	n/a	n/a	n/a	214.074980	n/a
215.082126	8.032867	43016	encoding	n/a	n/a	NB_24.mp4	70.0	219.0821265	n/a	n/a	214.07497974999998	0	n/a	n/a	n/a	n/a	n/a	n/a	n/a	n/a	n/a	n/a	n/a	n/a	intervals/encoding_table	21	215.082126	223.114994
215.082126	0.000000	43016	ttl	1	70	n/a	n/a	n/a	n/a	n/a	n/a	n/a	n/a	n/a	n/a	n/a	n/a	n/a	n/a	n/a	n/a	n/a	n/a	n/a	n/a	n/a	215.082126	n/a
223.114994	0.000000	44623	ttl	2	70	n/a	n/a	n/a	n/a	n/a	n/a	n/a	n/a	n/a	n/a	n/a	n/a	n/a	n/a	n/a	n/a	n/a	n/a	n/a	n/a	n/a	223.114994	n/a
223.134234	0.000000	44627	ttl	11	70	n/a	n/a	n/a	n/a	n/a	n/a	n/a	n/a	n/a	n/a	n/a	n/a	n/a	n/a	n/a	n/a	n/a	n/a	n/a	n/a	n/a	223.134234	n/a
224.226190	8.031819	44845	encoding	n/a	n/a	HB_11.mp4	70.0	228.22619	227.10435775	230.44654874999998	223.13423375	2	n/a	n/a	n/a	n/a	n/a	n/a	n/a	n/a	n/a	n/a	n/a	n/a	intervals/encoding_table	22	224.226190	232.258009
224.226190	0.000000	44845	ttl	1	70	n/a	n/a	n/a	n/a	n/a	n/a	n/a	n/a	n/a	n/a	n/a	n/a	n/a	n/a	n/a	n/a	n/a	n/a	n/a	n/a	n/a	224.226190	n/a
232.258009	0.000000	46452	ttl	2	70	n/a	n/a	n/a	n/a	n/a	n/a	n/a	n/a	n/a	n/a	n/a	n/a	n/a	n/a	n/a	n/a	n/a	n/a	n/a	n/a	n/a	232.258009	n/a
232.272457	0.000000	46454	ttl	11	70	n/a	n/a	n/a	n/a	n/a	n/a	n/a	n/a	n/a	n/a	n/a	n/a	n/a	n/a	n/a	n/a	n/a	n/a	n/a	n/a	n/a	232.272457	n/a
233.368094	8.030660	46674	encoding	n/a	n/a	HB_8.mp4	70.0	237.36809449999998	235.21905875	239.23740675	232.27245675	2	n/a	n/a	n/a	n/a	n/a	n/a	n/a	n/a	n/a	n/a	n/a	n/a	intervals/encoding_table	23	233.368094	241.398754
233.368094	0.000000	46674	ttl	1	70	n/a	n/a	n/a	n/a	n/a	n/a	n/a	n/a	n/a	n/a	n/a	n/a	n/a	n/a	n/a	n/a	n/a	n/a	n/a	n/a	n/a	233.368094	n/a
241.398754	0.000000	48280	ttl	2	70	n/a	n/a	n/a	n/a	n/a	n/a	n/a	n/a	n/a	n/a	n/a	n/a	n/a	n/a	n/a	n/a	n/a	n/a	n/a	n/a	n/a	241.398754	n/a
251.913352	0.000000	50383	ttl	11	70	n/a	n/a	n/a	n/a	n/a	n/a	n/a	n/a	n/a	n/a	n/a	n/a	n/a	n/a	n/a	n/a	n/a	n/a	n/a	n/a	n/a	251.913352	n/a
252.917772	8.064875	50584	encoding	n/a	n/a	SB_21.mp4	70.0	255.2292535	257.6413455	n/a	251.91335199999997	1	n/a	n/a	n/a	n/a	n/a	n/a	n/a	n/a	n/a	n/a	n/a	n/a	intervals/encoding_table	24	252.917772	260.982647
252.917772	0.000000	50584	ttl	1	70	n/a	n/a	n/a	n/a	n/a	n/a	n/a	n/a	n/a	n/a	n/a	n/a	n/a	n/a	n/a	n/a	n/a	n/a	n/a	n/a	n/a	252.917772	n/a
260.982647	0.000000	52197	ttl	2	70	n/a	n/a	n/a	n/a	n/a	n/a	n/a	n/a	n/a	n/a	n/a	n/a	n/a	n/a	n/a	n/a	n/a	n/a	n/a	n/a	n/a	260.982647	n/a
261.001510	0.000000	52200	ttl	11	70	n/a	n/a	n/a	n/a	n/a	n/a	n/a	n/a	n/a	n/a	n/a	n/a	n/a	n/a	n/a	n/a	n/a	n/a	n/a	n/a	n/a	261.001510	n/a
262.070582	8.028683	52414	encoding	n/a	n/a	HB_28.mp4	70.0	266.070582	n/a	n/a	261.00151	2	n/a	n/a	n/a	n/a	n/a	n/a	n/a	n/a	n/a	n/a	n/a	n/a	intervals/encoding_table	25	262.070582	270.099266
262.070582	0.000000	52414	ttl	1	70	n/a	n/a	n/a	n/a	n/a	n/a	n/a	n/a	n/a	n/a	n/a	n/a	n/a	n/a	n/a	n/a	n/a	n/a	n/a	n/a	n/a	262.070582	n/a
270.099266	0.000000	54020	ttl	2	70	n/a	n/a	n/a	n/a	n/a	n/a	n/a	n/a	n/a	n/a	n/a	n/a	n/a	n/a	n/a	n/a	n/a	n/a	n/a	n/a	n/a	270.099266	n/a
270.118130	0.000000	54024	ttl	11	70	n/a	n/a	n/a	n/a	n/a	n/a	n/a	n/a	n/a	n/a	n/a	n/a	n/a	n/a	n/a	n/a	n/a	n/a	n/a	n/a	n/a	270.118130	n/a
271.197735	8.062028	54240	encoding	n/a	n/a	SB_12.mp4	70.0	277.050699	n/a	n/a	270.1181295	1	n/a	n/a	n/a	n/a	n/a	n/a	n/a	n/a	n/a	n/a	n/a	n/a	intervals/encoding_table	26	271.197735	279.259763
271.197735	0.000000	54240	ttl	1	70	n/a	n/a	n/a	n/a	n/a	n/a	n/a	n/a	n/a	n/a	n/a	n/a	n/a	n/a	n/a	n/a	n/a	n/a	n/a	n/a	n/a	271.197735	n/a
279.259763	0.000000	55852	ttl	2	70	n/a	n/a	n/a	n/a	n/a	n/a	n/a	n/a	n/a	n/a	n/a	n/a	n/a	n/a	n/a	n/a	n/a	n/a	n/a	n/a	n/a	279.259763	n/a
279.278704	0.000000	55856	ttl	11	70	n/a	n/a	n/a	n/a	n/a	n/a	n/a	n/a	n/a	n/a	n/a	n/a	n/a	n/a	n/a	n/a	n/a	n/a	n/a	n/a	n/a	279.278704	n/a
280.364949	7.932586	56073	encoding	n/a	n/a	SB_9.mp4	70.0	286.15248375	n/a	n/a	279.27870375	1	n/a	n/a	n/a	n/a	n/a	n/a	n/a	n/a	n/a	n/a	n/a	n/a	intervals/encoding_table	27	280.364949	288.297535
280.364949	0.000000	56073	ttl	1	70	n/a	n/a	n/a	n/a	n/a	n/a	n/a	n/a	n/a	n/a	n/a	n/a	n/a	n/a	n/a	n/a	n/a	n/a	n/a	n/a	n/a	280.364949	n/a
288.297535	0.000000	57660	ttl	2	70	n/a	n/a	n/a	n/a	n/a	n/a	n/a	n/a	n/a	n/a	n/a	n/a	n/a	n/a	n/a	n/a	n/a	n/a	n/a	n/a	n/a	288.297535	n/a
288.316500	0.000000	57663	ttl	11	70	n/a	n/a	n/a	n/a	n/a	n/a	n/a	n/a	n/a	n/a	n/a	n/a	n/a	n/a	n/a	n/a	n/a	n/a	n/a	n/a	n/a	288.316500	n/a
289.308028	8.099816	57862	encoding	n/a	n/a	NB_5.mp4	70.0	293.308028	n/a	n/a	288.31649999999996	0	n/a	n/a	n/a	n/a	n/a	n/a	n/a	n/a	n/a	n/a	n/a	n/a	intervals/encoding_table	28	289.308028	297.407844
289.308028	0.000000	57862	ttl	1	70	n/a	n/a	n/a	n/a	n/a	n/a	n/a	n/a	n/a	n/a	n/a	n/a	n/a	n/a	n/a	n/a	n/a	n/a	n/a	n/a	n/a	289.308028	n/a
297.407844	0.000000	59482	ttl	2	70	n/a	n/a	n/a	n/a	n/a	n/a	n/a	n/a	n/a	n/a	n/a	n/a	n/a	n/a	n/a	n/a	n/a	n/a	n/a	n/a	n/a	297.407844	n/a
306.902734	0.000000	61381	ttl	11	70	n/a	n/a	n/a	n/a	n/a	n/a	n/a	n/a	n/a	n/a	n/a	n/a	n/a	n/a	n/a	n/a	n/a	n/a	n/a	n/a	n/a	306.902734	n/a
307.954567	8.064697	61591	encoding	n/a	n/a	HB_18.mp4	70.0	311.95456674999997	n/a	n/a	306.90273425	2	n/a	n/a	n/a	n/a	n/a	n/a	n/a	n/a	n/a	n/a	n/a	n/a	intervals/encoding_table	29	307.954567	316.019263
307.954567	0.000000	61591	ttl	1	70	n/a	n/a	n/a	n/a	n/a	n/a	n/a	n/a	n/a	n/a	n/a	n/a	n/a	n/a	n/a	n/a	n/a	n/a	n/a	n/a	n/a	307.954567	n/a
316.019263	0.000000	63204	ttl	2	70	n/a	n/a	n/a	n/a	n/a	n/a	n/a	n/a	n/a	n/a	n/a	n/a	n/a	n/a	n/a	n/a	n/a	n/a	n/a	n/a	n/a	316.019263	n/a
316.038148	0.000000	63208	ttl	11	70	n/a	n/a	n/a	n/a	n/a	n/a	n/a	n/a	n/a	n/a	n/a	n/a	n/a	n/a	n/a	n/a	n/a	n/a	n/a	n/a	n/a	316.038148	n/a
317.125907	8.333005	63425	encoding	n/a	n/a	SB_11.mp4	70.0	318.913973	n/a	n/a	316.03814825	1	n/a	n/a	n/a	n/a	n/a	n/a	n/a	n/a	n/a	n/a	n/a	n/a	intervals/encoding_table	30	317.125907	325.458912
317.125907	0.000000	63425	ttl	1	70	n/a	n/a	n/a	n/a	n/a	n/a	n/a	n/a	n/a	n/a	n/a	n/a	n/a	n/a	n/a	n/a	n/a	n/a	n/a	n/a	n/a	317.125907	n/a
325.458912	0.000000	65092	ttl	2	70	n/a	n/a	n/a	n/a	n/a	n/a	n/a	n/a	n/a	n/a	n/a	n/a	n/a	n/a	n/a	n/a	n/a	n/a	n/a	n/a	n/a	325.458912	n/a
325.477850	0.000000	65096	ttl	11	70	n/a	n/a	n/a	n/a	n/a	n/a	n/a	n/a	n/a	n/a	n/a	n/a	n/a	n/a	n/a	n/a	n/a	n/a	n/a	n/a	n/a	325.477850	n/a
326.539990	8.062697	65308	encoding	n/a	n/a	SB_5.mp4	70.0	330.70178599999997	n/a	n/a	325.47784974999996	1	n/a	n/a	n/a	n/a	n/a	n/a	n/a	n/a	n/a	n/a	n/a	n/a	intervals/encoding_table	31	326.539990	334.602686
326.539990	0.000000	65308	ttl	1	70	n/a	n/a	n/a	n/a	n/a	n/a	n/a	n/a	n/a	n/a	n/a	n/a	n/a	n/a	n/a	n/a	n/a	n/a	n/a	n/a	n/a	326.539990	n/a
334.602686	0.000000	66921	ttl	2	70	n/a	n/a	n/a	n/a	n/a	n/a	n/a	n/a	n/a	n/a	n/a	n/a	n/a	n/a	n/a	n/a	n/a	n/a	n/a	n/a	n/a	334.602686	n/a
334.621625	0.000000	66924	ttl	11	70	n/a	n/a	n/a	n/a	n/a	n/a	n/a	n/a	n/a	n/a	n/a	n/a	n/a	n/a	n/a	n/a	n/a	n/a	n/a	n/a	n/a	334.621625	n/a
335.707704	8.064830	67142	encoding	n/a	n/a	NB_22.mp4	70.0	339.707704	n/a	n/a	334.6216255	0	n/a	n/a	n/a	n/a	n/a	n/a	n/a	n/a	n/a	n/a	n/a	n/a	intervals/encoding_table	32	335.707704	343.772534
335.707704	0.000000	67142	ttl	1	70	n/a	n/a	n/a	n/a	n/a	n/a	n/a	n/a	n/a	n/a	n/a	n/a	n/a	n/a	n/a	n/a	n/a	n/a	n/a	n/a	n/a	335.707704	n/a
343.772534	0.000000	68755	ttl	2	70	n/a	n/a	n/a	n/a	n/a	n/a	n/a	n/a	n/a	n/a	n/a	n/a	n/a	n/a	n/a	n/a	n/a	n/a	n/a	n/a	n/a	343.772534	n/a
343.791365	0.000000	68758	ttl	11	70	n/a	n/a	n/a	n/a	n/a	n/a	n/a	n/a	n/a	n/a	n/a	n/a	n/a	n/a	n/a	n/a	n/a	n/a	n/a	n/a	n/a	343.791365	n/a
344.780756	7.930957	68956	encoding	n/a	n/a	NB_16.mp4	70.0	348.78075624999997	n/a	n/a	343.79136474999996	0	n/a	n/a	n/a	n/a	n/a	n/a	n/a	n/a	n/a	n/a	n/a	n/a	intervals/encoding_table	33	344.780756	352.711713
344.780756	0.000000	68956	ttl	1	70	n/a	n/a	n/a	n/a	n/a	n/a	n/a	n/a	n/a	n/a	n/a	n/a	n/a	n/a	n/a	n/a	n/a	n/a	n/a	n/a	n/a	344.780756	n/a
352.711713	0.000000	70542	ttl	2	70	n/a	n/a	n/a	n/a	n/a	n/a	n/a	n/a	n/a	n/a	n/a	n/a	n/a	n/a	n/a	n/a	n/a	n/a	n/a	n/a	n/a	352.711713	n/a
352.730668	0.000000	70546	ttl	11	70	n/a	n/a	n/a	n/a	n/a	n/a	n/a	n/a	n/a	n/a	n/a	n/a	n/a	n/a	n/a	n/a	n/a	n/a	n/a	n/a	n/a	352.730668	n/a
353.797445	8.163070	70759	encoding	n/a	n/a	NB_7.mp4	70.0	357.797445	n/a	n/a	352.73066775	0	n/a	n/a	n/a	n/a	n/a	n/a	n/a	n/a	n/a	n/a	n/a	n/a	intervals/encoding_table	34	353.797445	361.960514
353.797445	0.000000	70759	ttl	1	70	n/a	n/a	n/a	n/a	n/a	n/a	n/a	n/a	n/a	n/a	n/a	n/a	n/a	n/a	n/a	n/a	n/a	n/a	n/a	n/a	n/a	353.797445	n/a
361.960514	0.000000	72392	ttl	2	70	n/a	n/a	n/a	n/a	n/a	n/a	n/a	n/a	n/a	n/a	n/a	n/a	n/a	n/a	n/a	n/a	n/a	n/a	n/a	n/a	n/a	361.960514	n/a
361.979459	0.000000	72396	ttl	11	70	n/a	n/a	n/a	n/a	n/a	n/a	n/a	n/a	n/a	n/a	n/a	n/a	n/a	n/a	n/a	n/a	n/a	n/a	n/a	n/a	n/a	361.979459	n/a
363.077015	8.966253	72615	encoding	n/a	n/a	HB_7.mp4	70.0	367.07701525	366.47637525	369.150623	361.97945899999996	2	n/a	n/a	n/a	n/a	n/a	n/a	n/a	n/a	n/a	n/a	n/a	n/a	intervals/encoding_table	35	363.077015	372.043268
363.077015	0.000000	72615	ttl	1	70	n/a	n/a	n/a	n/a	n/a	n/a	n/a	n/a	n/a	n/a	n/a	n/a	n/a	n/a	n/a	n/a	n/a	n/a	n/a	n/a	n/a	363.077015	n/a
372.043268	0.000000	74409	ttl	2	70	n/a	n/a	n/a	n/a	n/a	n/a	n/a	n/a	n/a	n/a	n/a	n/a	n/a	n/a	n/a	n/a	n/a	n/a	n/a	n/a	n/a	372.043268	n/a
375.714705	0.000000	75143	ttl	11	70	n/a	n/a	n/a	n/a	n/a	n/a	n/a	n/a	n/a	n/a	n/a	n/a	n/a	n/a	n/a	n/a	n/a	n/a	n/a	n/a	n/a	375.714705	n/a
376.688633	7.964256	75338	encoding	n/a	n/a	HB_24.mp4	70.0	380.68863275	n/a	n/a	375.714705	2	n/a	n/a	n/a	n/a	n/a	n/a	n/a	n/a	n/a	n/a	n/a	n/a	intervals/encoding_table	36	376.688633	384.652888
376.688633	0.000000	75338	ttl	1	70	n/a	n/a	n/a	n/a	n/a	n/a	n/a	n/a	n/a	n/a	n/a	n/a	n/a	n/a	n/a	n/a	n/a	n/a	n/a	n/a	n/a	376.688633	n/a
384.652888	0.000000	76931	ttl	2	70	n/a	n/a	n/a	n/a	n/a	n/a	n/a	n/a	n/a	n/a	n/a	n/a	n/a	n/a	n/a	n/a	n/a	n/a	n/a	n/a	n/a	384.652888	n/a
384.671923	0.000000	76934	ttl	11	70	n/a	n/a	n/a	n/a	n/a	n/a	n/a	n/a	n/a	n/a	n/a	n/a	n/a	n/a	n/a	n/a	n/a	n/a	n/a	n/a	n/a	384.671923	n/a
385.606076	7.997698	77121	encoding	n/a	n/a	NB_30.mp4	70.0	389.6060765	n/a	n/a	384.671923	0	n/a	n/a	n/a	n/a	n/a	n/a	n/a	n/a	n/a	n/a	n/a	n/a	intervals/encoding_table	37	385.606076	393.603774
385.606076	0.000000	77121	ttl	1	70	n/a	n/a	n/a	n/a	n/a	n/a	n/a	n/a	n/a	n/a	n/a	n/a	n/a	n/a	n/a	n/a	n/a	n/a	n/a	n/a	n/a	385.606076	n/a
393.603774	0.000000	78721	ttl	2	70	n/a	n/a	n/a	n/a	n/a	n/a	n/a	n/a	n/a	n/a	n/a	n/a	n/a	n/a	n/a	n/a	n/a	n/a	n/a	n/a	n/a	393.603774	n/a
393.622649	0.000000	78725	ttl	11	70	n/a	n/a	n/a	n/a	n/a	n/a	n/a	n/a	n/a	n/a	n/a	n/a	n/a	n/a	n/a	n/a	n/a	n/a	n/a	n/a	n/a	393.622649	n/a
394.687283	7.832155	78937	encoding	n/a	n/a	HB_29.mp4	70.0	398.68728275	n/a	n/a	393.62264949999997	2	n/a	n/a	n/a	n/a	n/a	n/a	n/a	n/a	n/a	n/a	n/a	n/a	intervals/encoding_table	38	394.687283	402.519438
394.687283	0.000000	78937	ttl	1	70	n/a	n/a	n/a	n/a	n/a	n/a	n/a	n/a	n/a	n/a	n/a	n/a	n/a	n/a	n/a	n/a	n/a	n/a	n/a	n/a	n/a	394.687283	n/a
402.519438	0.000000	80504	ttl	2	70	n/a	n/a	n/a	n/a	n/a	n/a	n/a	n/a	n/a	n/a	n/a	n/a	n/a	n/a	n/a	n/a	n/a	n/a	n/a	n/a	n/a	402.519438	n/a
402.538395	0.000000	80508	ttl	11	70	n/a	n/a	n/a	n/a	n/a	n/a	n/a	n/a	n/a	n/a	n/a	n/a	n/a	n/a	n/a	n/a	n/a	n/a	n/a	n/a	n/a	402.538395	n/a
403.555807	8.464248	80711	encoding	n/a	n/a	SB_26.mp4	70.0	405.29099349999996	406.94910999999996	408.4388745	402.53839525	1	n/a	n/a	n/a	n/a	n/a	n/a	n/a	n/a	n/a	n/a	n/a	n/a	intervals/encoding_table	39	403.555807	412.020055
403.555807	0.000000	80711	ttl	1	70	n/a	n/a	n/a	n/a	n/a	n/a	n/a	n/a	n/a	n/a	n/a	n/a	n/a	n/a	n/a	n/a	n/a	n/a	n/a	n/a	n/a	403.555807	n/a
412.020055	0.000000	82404	ttl	2	70	n/a	n/a	n/a	n/a	n/a	n/a	n/a	n/a	n/a	n/a	n/a	n/a	n/a	n/a	n/a	n/a	n/a	n/a	n/a	n/a	n/a	412.020055	n/a
412.039223	0.000000	82408	ttl	11	70	n/a	n/a	n/a	n/a	n/a	n/a	n/a	n/a	n/a	n/a	n/a	n/a	n/a	n/a	n/a	n/a	n/a	n/a	n/a	n/a	n/a	412.039223	n/a
413.131545	8.197424	82626	encoding	n/a	n/a	SB_6.mp4	70.0	414.619247	n/a	n/a	412.03922274999996	1	n/a	n/a	n/a	n/a	n/a	n/a	n/a	n/a	n/a	n/a	n/a	n/a	intervals/encoding_table	40	413.131545	421.328969
413.131545	0.000000	82626	ttl	1	70	n/a	n/a	n/a	n/a	n/a	n/a	n/a	n/a	n/a	n/a	n/a	n/a	n/a	n/a	n/a	n/a	n/a	n/a	n/a	n/a	n/a	413.131545	n/a
421.328969	0.000000	84266	ttl	2	70	n/a	n/a	n/a	n/a	n/a	n/a	n/a	n/a	n/a	n/a	n/a	n/a	n/a	n/a	n/a	n/a	n/a	n/a	n/a	n/a	n/a	421.328969	n/a
434.973656	0.000000	86995	ttl	11	70	n/a	n/a	n/a	n/a	n/a	n/a	n/a	n/a	n/a	n/a	n/a	n/a	n/a	n/a	n/a	n/a	n/a	n/a	n/a	n/a	n/a	434.973656	n/a
435.971481	9.165865	87194	encoding	n/a	n/a	SB_22.mp4	70.0	437.04290475	438.1065705	n/a	434.9736555	1	n/a	n/a	n/a	n/a	n/a	n/a	n/a	n/a	n/a	n/a	n/a	n/a	intervals/encoding_table	41	435.971481	445.137346
435.971481	0.000000	87194	ttl	1	70	n/a	n/a	n/a	n/a	n/a	n/a	n/a	n/a	n/a	n/a	n/a	n/a	n/a	n/a	n/a	n/a	n/a	n/a	n/a	n/a	n/a	435.971481	n/a
445.137346	0.000000	89027	ttl	2	70	n/a	n/a	n/a	n/a	n/a	n/a	n/a	n/a	n/a	n/a	n/a	n/a	n/a	n/a	n/a	n/a	n/a	n/a	n/a	n/a	n/a	445.137346	n/a
445.156304	0.000000	89031	ttl	11	70	n/a	n/a	n/a	n/a	n/a	n/a	n/a	n/a	n/a	n/a	n/a	n/a	n/a	n/a	n/a	n/a	n/a	n/a	n/a	n/a	n/a	445.156304	n/a
446.107009	8.397275	89221	encoding	n/a	n/a	HB_3.mp4	70.0	450.107009	448.41720499999997	n/a	445.1563045	2	n/a	n/a	n/a	n/a	n/a	n/a	n/a	n/a	n/a	n/a	n/a	n/a	intervals/encoding_table	42	446.107009	454.504284
446.107009	0.000000	89221	ttl	1	70	n/a	n/a	n/a	n/a	n/a	n/a	n/a	n/a	n/a	n/a	n/a	n/a	n/a	n/a	n/a	n/a	n/a	n/a	n/a	n/a	n/a	446.107009	n/a
454.504284	0.000000	90901	ttl	2	70	n/a	n/a	n/a	n/a	n/a	n/a	n/a	n/a	n/a	n/a	n/a	n/a	n/a	n/a	n/a	n/a	n/a	n/a	n/a	n/a	n/a	454.504284	n/a
454.523426	0.000000	90905	ttl	11	70	n/a	n/a	n/a	n/a	n/a	n/a	n/a	n/a	n/a	n/a	n/a	n/a	n/a	n/a	n/a	n/a	n/a	n/a	n/a	n/a	n/a	454.523426	n/a
455.559071	8.099931	91112	encoding	n/a	n/a	NB_17.mp4	70.0	459.55907099999996	n/a	n/a	454.52342625	0	n/a	n/a	n/a	n/a	n/a	n/a	n/a	n/a	n/a	n/a	n/a	n/a	intervals/encoding_table	43	455.559071	463.659002
455.559071	0.000000	91112	ttl	1	70	n/a	n/a	n/a	n/a	n/a	n/a	n/a	n/a	n/a	n/a	n/a	n/a	n/a	n/a	n/a	n/a	n/a	n/a	n/a	n/a	n/a	455.559071	n/a
463.659002	0.000000	92732	ttl	2	70	n/a	n/a	n/a	n/a	n/a	n/a	n/a	n/a	n/a	n/a	n/a	n/a	n/a	n/a	n/a	n/a	n/a	n/a	n/a	n/a	n/a	463.659002	n/a
463.678215	0.000000	92736	ttl	11	70	n/a	n/a	n/a	n/a	n/a	n/a	n/a	n/a	n/a	n/a	n/a	n/a	n/a	n/a	n/a	n/a	n/a	n/a	n/a	n/a	n/a	463.678215	n/a
464.761113	8.145238	92952	encoding	n/a	n/a	SB_14.mp4	70.0	468.18799125	n/a	n/a	463.67821475	1	n/a	n/a	n/a	n/a	n/a	n/a	n/a	n/a	n/a	n/a	n/a	n/a	intervals/encoding_table	44	464.761113	472.906350
464.761113	0.000000	92952	ttl	1	70	n/a	n/a	n/a	n/a	n/a	n/a	n/a	n/a	n/a	n/a	n/a	n/a	n/a	n/a	n/a	n/a	n/a	n/a	n/a	n/a	n/a	464.761113	n/a
472.906350	0.000000	94581	ttl	2	70	n/a	n/a	n/a	n/a	n/a	n/a	n/a	n/a	n/a	n/a	n/a	n/a	n/a	n/a	n/a	n/a	n/a	n/a	n/a	n/a	n/a	472.906350	n/a
472.925190	0.000000	94585	ttl	11	70	n/a	n/a	n/a	n/a	n/a	n/a	n/a	n/a	n/a	n/a	n/a	n/a	n/a	n/a	n/a	n/a	n/a	n/a	n/a	n/a	n/a	472.925190	n/a
473.948605	7.596189	94790	encoding	n/a	n/a	SB_28.mp4	70.0	474.92425399999996	477.07252925	478.71884224999997	472.92518974999996	1	n/a	n/a	n/a	n/a	n/a	n/a	n/a	n/a	n/a	n/a	n/a	n/a	intervals/encoding_table	45	473.948605	481.544794
473.948605	0.000000	94790	ttl	1	70	n/a	n/a	n/a	n/a	n/a	n/a	n/a	n/a	n/a	n/a	n/a	n/a	n/a	n/a	n/a	n/a	n/a	n/a	n/a	n/a	n/a	473.948605	n/a
481.544794	0.000000	96309	ttl	2	70	n/a	n/a	n/a	n/a	n/a	n/a	n/a	n/a	n/a	n/a	n/a	n/a	n/a	n/a	n/a	n/a	n/a	n/a	n/a	n/a	n/a	481.544794	n/a
481.563912	0.000000	96313	ttl	11	70	n/a	n/a	n/a	n/a	n/a	n/a	n/a	n/a	n/a	n/a	n/a	n/a	n/a	n/a	n/a	n/a	n/a	n/a	n/a	n/a	n/a	481.563912	n/a
482.528412	8.034107	96506	encoding	n/a	n/a	NB_12.mp4	70.0	486.52841175	n/a	n/a	481.56391199999996	0	n/a	n/a	n/a	n/a	n/a	n/a	n/a	n/a	n/a	n/a	n/a	n/a	intervals/encoding_table	46	482.528412	490.562518
482.528412	0.000000	96506	ttl	1	70	n/a	n/a	n/a	n/a	n/a	n/a	n/a	n/a	n/a	n/a	n/a	n/a	n/a	n/a	n/a	n/a	n/a	n/a	n/a	n/a	n/a	482.528412	n/a
490.562518	0.000000	98113	ttl	2	70	n/a	n/a	n/a	n/a	n/a	n/a	n/a	n/a	n/a	n/a	n/a	n/a	n/a	n/a	n/a	n/a	n/a	n/a	n/a	n/a	n/a	490.562518	n/a
490.581435	0.000000	98116	ttl	11	70	n/a	n/a	n/a	n/a	n/a	n/a	n/a	n/a	n/a	n/a	n/a	n/a	n/a	n/a	n/a	n/a	n/a	n/a	n/a	n/a	n/a	490.581435	n/a
491.579537	7.965874	98316	encoding	n/a	n/a	NB_8.mp4	70.0	495.57953749999996	n/a	n/a	490.581435	0	n/a	n/a	n/a	n/a	n/a	n/a	n/a	n/a	n/a	n/a	n/a	n/a	intervals/encoding_table	47	491.579537	499.545412
491.579537	0.000000	98316	ttl	1	70	n/a	n/a	n/a	n/a	n/a	n/a	n/a	n/a	n/a	n/a	n/a	n/a	n/a	n/a	n/a	n/a	n/a	n/a	n/a	n/a	n/a	491.579537	n/a
499.545412	0.000000	99909	ttl	2	70	n/a	n/a	n/a	n/a	n/a	n/a	n/a	n/a	n/a	n/a	n/a	n/a	n/a	n/a	n/a	n/a	n/a	n/a	n/a	n/a	n/a	499.545412	n/a
503.497530	0.000000	100700	ttl	11	70	n/a	n/a	n/a	n/a	n/a	n/a	n/a	n/a	n/a	n/a	n/a	n/a	n/a	n/a	n/a	n/a	n/a	n/a	n/a	n/a	n/a	503.497530	n/a
504.479021	7.299609	100896	encoding	n/a	n/a	NB_28.mp4	70.0	508.47902124999996	n/a	n/a	503.49753024999995	0	n/a	n/a	n/a	n/a	n/a	n/a	n/a	n/a	n/a	n/a	n/a	n/a	intervals/encoding_table	48	504.479021	511.778630
504.479021	0.000000	100896	ttl	1	70	n/a	n/a	n/a	n/a	n/a	n/a	n/a	n/a	n/a	n/a	n/a	n/a	n/a	n/a	n/a	n/a	n/a	n/a	n/a	n/a	n/a	504.479021	n/a
511.778630	0.000000	102356	ttl	2	70	n/a	n/a	n/a	n/a	n/a	n/a	n/a	n/a	n/a	n/a	n/a	n/a	n/a	n/a	n/a	n/a	n/a	n/a	n/a	n/a	n/a	511.778630	n/a
511.797761	0.000000	102360	ttl	11	70	n/a	n/a	n/a	n/a	n/a	n/a	n/a	n/a	n/a	n/a	n/a	n/a	n/a	n/a	n/a	n/a	n/a	n/a	n/a	n/a	n/a	511.797761	n/a
512.714549	7.113589	102543	encoding	n/a	n/a	NB_25.mp4	70.0	516.71454875	n/a	n/a	511.797761	0	n/a	n/a	n/a	n/a	n/a	n/a	n/a	n/a	n/a	n/a	n/a	n/a	intervals/encoding_table	49	512.714549	519.828138
512.714549	0.000000	102543	ttl	1	70	n/a	n/a	n/a	n/a	n/a	n/a	n/a	n/a	n/a	n/a	n/a	n/a	n/a	n/a	n/a	n/a	n/a	n/a	n/a	n/a	n/a	512.714549	n/a
519.828138	0.000000	103966	ttl	2	70	n/a	n/a	n/a	n/a	n/a	n/a	n/a	n/a	n/a	n/a	n/a	n/a	n/a	n/a	n/a	n/a	n/a	n/a	n/a	n/a	n/a	519.828138	n/a
519.847075	0.000000	103969	ttl	11	70	n/a	n/a	n/a	n/a	n/a	n/a	n/a	n/a	n/a	n/a	n/a	n/a	n/a	n/a	n/a	n/a	n/a	n/a	n/a	n/a	n/a	519.847075	n/a
520.865467	6.871070	104173	encoding	n/a	n/a	NB_4.mp4	70.0	524.865467	n/a	n/a	519.84707525	0	n/a	n/a	n/a	n/a	n/a	n/a	n/a	n/a	n/a	n/a	n/a	n/a	intervals/encoding_table	50	520.865467	527.736537
520.865467	0.000000	104173	ttl	1	70	n/a	n/a	n/a	n/a	n/a	n/a	n/a	n/a	n/a	n/a	n/a	n/a	n/a	n/a	n/a	n/a	n/a	n/a	n/a	n/a	n/a	520.865467	n/a
527.736537	0.000000	105547	ttl	2	70	n/a	n/a	n/a	n/a	n/a	n/a	n/a	n/a	n/a	n/a	n/a	n/a	n/a	n/a	n/a	n/a	n/a	n/a	n/a	n/a	n/a	527.736537	n/a
527.755419	0.000000	105551	ttl	11	70	n/a	n/a	n/a	n/a	n/a	n/a	n/a	n/a	n/a	n/a	n/a	n/a	n/a	n/a	n/a	n/a	n/a	n/a	n/a	n/a	n/a	527.755419	n/a
528.831222	8.033506	105766	encoding	n/a	n/a	HB_12.mp4	70.0	532.831222	530.46895975	534.758363	527.75541875	2	n/a	n/a	n/a	n/a	n/a	n/a	n/a	n/a	n/a	n/a	n/a	n/a	intervals/encoding_table	51	528.831222	536.864728
528.831222	0.000000	105766	ttl	1	70	n/a	n/a	n/a	n/a	n/a	n/a	n/a	n/a	n/a	n/a	n/a	n/a	n/a	n/a	n/a	n/a	n/a	n/a	n/a	n/a	n/a	528.831222	n/a
536.864728	0.000000	107373	ttl	2	70	n/a	n/a	n/a	n/a	n/a	n/a	n/a	n/a	n/a	n/a	n/a	n/a	n/a	n/a	n/a	n/a	n/a	n/a	n/a	n/a	n/a	536.864728	n/a
536.883622	0.000000	107377	ttl	11	70	n/a	n/a	n/a	n/a	n/a	n/a	n/a	n/a	n/a	n/a	n/a	n/a	n/a	n/a	n/a	n/a	n/a	n/a	n/a	n/a	n/a	536.883622	n/a
537.894284	7.965894	107579	encoding	n/a	n/a	SB_27.mp4	70.0	539.43652675	541.00886425	542.4544505	536.88362225	1	n/a	n/a	n/a	n/a	n/a	n/a	n/a	n/a	n/a	n/a	n/a	n/a	intervals/encoding_table	52	537.894284	545.860178
537.894284	0.000000	107579	ttl	1	70	n/a	n/a	n/a	n/a	n/a	n/a	n/a	n/a	n/a	n/a	n/a	n/a	n/a	n/a	n/a	n/a	n/a	n/a	n/a	n/a	n/a	537.894284	n/a
545.860178	0.000000	109172	ttl	2	70	n/a	n/a	n/a	n/a	n/a	n/a	n/a	n/a	n/a	n/a	n/a	n/a	n/a	n/a	n/a	n/a	n/a	n/a	n/a	n/a	n/a	545.860178	n/a
545.879144	0.000000	109176	ttl	11	70	n/a	n/a	n/a	n/a	n/a	n/a	n/a	n/a	n/a	n/a	n/a	n/a	n/a	n/a	n/a	n/a	n/a	n/a	n/a	n/a	n/a	545.879144	n/a
546.839038	8.265986	109368	encoding	n/a	n/a	NB_21.mp4	70.0	550.839038	n/a	n/a	545.87914375	0	n/a	n/a	n/a	n/a	n/a	n/a	n/a	n/a	n/a	n/a	n/a	n/a	intervals/encoding_table	53	546.839038	555.105024
546.839038	0.000000	109368	ttl	1	70	n/a	n/a	n/a	n/a	n/a	n/a	n/a	n/a	n/a	n/a	n/a	n/a	n/a	n/a	n/a	n/a	n/a	n/a	n/a	n/a	n/a	546.839038	n/a
555.105024	0.000000	111021	ttl	2	70	n/a	n/a	n/a	n/a	n/a	n/a	n/a	n/a	n/a	n/a	n/a	n/a	n/a	n/a	n/a	n/a	n/a	n/a	n/a	n/a	n/a	555.105024	n/a
558.655818	0.000000	111731	ttl	11	70	n/a	n/a	n/a	n/a	n/a	n/a	n/a	n/a	n/a	n/a	n/a	n/a	n/a	n/a	n/a	n/a	n/a	n/a	n/a	n/a	n/a	558.655818	n/a
559.735220	8.032343	111947	encoding	n/a	n/a	SB_17.mp4	70.0	561.5787425	564.0650075	n/a	558.6558182499999	1	n/a	n/a	n/a	n/a	n/a	n/a	n/a	n/a	n/a	n/a	n/a	n/a	intervals/encoding_table	54	559.735220	567.767563
559.735220	0.000000	111947	ttl	1	70	n/a	n/a	n/a	n/a	n/a	n/a	n/a	n/a	n/a	n/a	n/a	n/a	n/a	n/a	n/a	n/a	n/a	n/a	n/a	n/a	n/a	559.735220	n/a
567.767563	0.000000	113554	ttl	2	70	n/a	n/a	n/a	n/a	n/a	n/a	n/a	n/a	n/a	n/a	n/a	n/a	n/a	n/a	n/a	n/a	n/a	n/a	n/a	n/a	n/a	567.767563	n/a
567.786569	0.000000	113557	ttl	11	70	n/a	n/a	n/a	n/a	n/a	n/a	n/a	n/a	n/a	n/a	n/a	n/a	n/a	n/a	n/a	n/a	n/a	n/a	n/a	n/a	n/a	567.786569	n/a
568.845431	8.265128	113769	encoding	n/a	n/a	HB_27.mp4	70.0	572.8454305	n/a	n/a	567.78656925	2	n/a	n/a	n/a	n/a	n/a	n/a	n/a	n/a	n/a	n/a	n/a	n/a	intervals/encoding_table	55	568.845431	577.110559
568.845431	0.000000	113769	ttl	1	70	n/a	n/a	n/a	n/a	n/a	n/a	n/a	n/a	n/a	n/a	n/a	n/a	n/a	n/a	n/a	n/a	n/a	n/a	n/a	n/a	n/a	568.845431	n/a
577.110559	0.000000	115422	ttl	2	70	n/a	n/a	n/a	n/a	n/a	n/a	n/a	n/a	n/a	n/a	n/a	n/a	n/a	n/a	n/a	n/a	n/a	n/a	n/a	n/a	n/a	577.110559	n/a
577.129482	0.000000	115426	ttl	11	70	n/a	n/a	n/a	n/a	n/a	n/a	n/a	n/a	n/a	n/a	n/a	n/a	n/a	n/a	n/a	n/a	n/a	n/a	n/a	n/a	n/a	577.129482	n/a
578.184644	7.998743	115637	encoding	n/a	n/a	NB_9.mp4	70.0	582.1846445	n/a	n/a	577.1294819999999	0	n/a	n/a	n/a	n/a	n/a	n/a	n/a	n/a	n/a	n/a	n/a	n/a	intervals/encoding_table	56	578.184644	586.183388
578.184644	0.000000	115637	ttl	1	70	n/a	n/a	n/a	n/a	n/a	n/a	n/a	n/a	n/a	n/a	n/a	n/a	n/a	n/a	n/a	n/a	n/a	n/a	n/a	n/a	n/a	578.184644	n/a
586.183388	0.000000	117237	ttl	2	70	n/a	n/a	n/a	n/a	n/a	n/a	n/a	n/a	n/a	n/a	n/a	n/a	n/a	n/a	n/a	n/a	n/a	n/a	n/a	n/a	n/a	586.183388	n/a
586.202587	0.000000	117241	ttl	11	70	n/a	n/a	n/a	n/a	n/a	n/a	n/a	n/a	n/a	n/a	n/a	n/a	n/a	n/a	n/a	n/a	n/a	n/a	n/a	n/a	n/a	586.202587	n/a
587.222380	8.332489	117444	encoding	n/a	n/a	HB_26.mp4	70.0	591.22238025	n/a	n/a	586.20258675	2	n/a	n/a	n/a	n/a	n/a	n/a	n/a	n/a	n/a	n/a	n/a	n/a	intervals/encoding_table	57	587.222380	595.554870
587.222380	0.000000	117444	ttl	1	70	n/a	n/a	n/a	n/a	n/a	n/a	n/a	n/a	n/a	n/a	n/a	n/a	n/a	n/a	n/a	n/a	n/a	n/a	n/a	n/a	n/a	587.222380	n/a
595.554870	0.000000	119111	ttl	2	70	n/a	n/a	n/a	n/a	n/a	n/a	n/a	n/a	n/a	n/a	n/a	n/a	n/a	n/a	n/a	n/a	n/a	n/a	n/a	n/a	n/a	595.554870	n/a
595.574133	0.000000	119115	ttl	11	70	n/a	n/a	n/a	n/a	n/a	n/a	n/a	n/a	n/a	n/a	n/a	n/a	n/a	n/a	n/a	n/a	n/a	n/a	n/a	n/a	n/a	595.574133	n/a
596.585577	7.629768	119317	encoding	n/a	n/a	SB_16.mp4	70.0	597.86935025	600.3848305	n/a	595.5741332499999	1	n/a	n/a	n/a	n/a	n/a	n/a	n/a	n/a	n/a	n/a	n/a	n/a	intervals/encoding_table	58	596.585577	604.215345
596.585577	0.000000	119317	ttl	1	70	n/a	n/a	n/a	n/a	n/a	n/a	n/a	n/a	n/a	n/a	n/a	n/a	n/a	n/a	n/a	n/a	n/a	n/a	n/a	n/a	n/a	596.585577	n/a
604.215345	0.000000	120843	ttl	2	70	n/a	n/a	n/a	n/a	n/a	n/a	n/a	n/a	n/a	n/a	n/a	n/a	n/a	n/a	n/a	n/a	n/a	n/a	n/a	n/a	n/a	604.215345	n/a
604.234204	0.000000	120847	ttl	11	70	n/a	n/a	n/a	n/a	n/a	n/a	n/a	n/a	n/a	n/a	n/a	n/a	n/a	n/a	n/a	n/a	n/a	n/a	n/a	n/a	n/a	604.234204	n/a
605.194146	7.796445	121039	encoding	n/a	n/a	HB_6.mp4	70.0	609.19414575	607.440056	611.4737915	604.23420425	2	n/a	n/a	n/a	n/a	n/a	n/a	n/a	n/a	n/a	n/a	n/a	n/a	intervals/encoding_table	59	605.194146	612.990591
605.194146	0.000000	121039	ttl	1	70	n/a	n/a	n/a	n/a	n/a	n/a	n/a	n/a	n/a	n/a	n/a	n/a	n/a	n/a	n/a	n/a	n/a	n/a	n/a	n/a	n/a	605.194146	n/a
612.990591	0.000000	122598	ttl	2	70	n/a	n/a	n/a	n/a	n/a	n/a	n/a	n/a	n/a	n/a	n/a	n/a	n/a	n/a	n/a	n/a	n/a	n/a	n/a	n/a	n/a	612.990591	n/a
618.026436	0.000000	123605	ttl	11	70	n/a	n/a	n/a	n/a	n/a	n/a	n/a	n/a	n/a	n/a	n/a	n/a	n/a	n/a	n/a	n/a	n/a	n/a	n/a	n/a	n/a	618.026436	n/a
619.035967	8.232361	123807	encoding	n/a	n/a	SB_29.mp4	70.0	620.96130025	623.1541002499999	624.863465	618.02643575	1	n/a	n/a	n/a	n/a	n/a	n/a	n/a	n/a	n/a	n/a	n/a	n/a	intervals/encoding_table	60	619.035967	627.268328
619.035967	0.000000	123807	ttl	1	70	n/a	n/a	n/a	n/a	n/a	n/a	n/a	n/a	n/a	n/a	n/a	n/a	n/a	n/a	n/a	n/a	n/a	n/a	n/a	n/a	n/a	619.035967	n/a
627.268328	0.000000	125454	ttl	2	70	n/a	n/a	n/a	n/a	n/a	n/a	n/a	n/a	n/a	n/a	n/a	n/a	n/a	n/a	n/a	n/a	n/a	n/a	n/a	n/a	n/a	627.268328	n/a
627.287235	0.000000	125457	ttl	11	70	n/a	n/a	n/a	n/a	n/a	n/a	n/a	n/a	n/a	n/a	n/a	n/a	n/a	n/a	n/a	n/a	n/a	n/a	n/a	n/a	n/a	627.287235	n/a
628.385601	7.947296	125677	encoding	n/a	n/a	HB_2.mp4	70.0	632.3856012499999	630.7450064999999	n/a	627.28723525	2	n/a	n/a	n/a	n/a	n/a	n/a	n/a	n/a	n/a	n/a	n/a	n/a	intervals/encoding_table	61	628.385601	636.332898
628.385601	0.000000	125677	ttl	1	70	n/a	n/a	n/a	n/a	n/a	n/a	n/a	n/a	n/a	n/a	n/a	n/a	n/a	n/a	n/a	n/a	n/a	n/a	n/a	n/a	n/a	628.385601	n/a
636.332898	0.000000	127267	ttl	2	70	n/a	n/a	n/a	n/a	n/a	n/a	n/a	n/a	n/a	n/a	n/a	n/a	n/a	n/a	n/a	n/a	n/a	n/a	n/a	n/a	n/a	636.332898	n/a
636.351771	0.000000	127270	ttl	11	70	n/a	n/a	n/a	n/a	n/a	n/a	n/a	n/a	n/a	n/a	n/a	n/a	n/a	n/a	n/a	n/a	n/a	n/a	n/a	n/a	n/a	636.351771	n/a
637.348454	8.026347	127470	encoding	n/a	n/a	HB_4.mp4	70.0	641.348454	643.42975975	n/a	636.35177125	2	n/a	n/a	n/a	n/a	n/a	n/a	n/a	n/a	n/a	n/a	n/a	n/a	intervals/encoding_table	62	637.348454	645.374801
637.348454	0.000000	127470	ttl	1	70	n/a	n/a	n/a	n/a	n/a	n/a	n/a	n/a	n/a	n/a	n/a	n/a	n/a	n/a	n/a	n/a	n/a	n/a	n/a	n/a	n/a	637.348454	n/a
645.374801	0.000000	129075	ttl	2	70	n/a	n/a	n/a	n/a	n/a	n/a	n/a	n/a	n/a	n/a	n/a	n/a	n/a	n/a	n/a	n/a	n/a	n/a	n/a	n/a	n/a	645.374801	n/a
645.393800	0.000000	129079	ttl	11	70	n/a	n/a	n/a	n/a	n/a	n/a	n/a	n/a	n/a	n/a	n/a	n/a	n/a	n/a	n/a	n/a	n/a	n/a	n/a	n/a	n/a	645.393800	n/a
646.430755	8.064234	129286	encoding	n/a	n/a	HB_16.mp4	70.0	650.43075525	n/a	n/a	645.3938005	2	n/a	n/a	n/a	n/a	n/a	n/a	n/a	n/a	n/a	n/a	n/a	n/a	intervals/encoding_table	63	646.430755	654.494989
646.430755	0.000000	129286	ttl	1	70	n/a	n/a	n/a	n/a	n/a	n/a	n/a	n/a	n/a	n/a	n/a	n/a	n/a	n/a	n/a	n/a	n/a	n/a	n/a	n/a	n/a	646.430755	n/a
654.494989	0.000000	130899	ttl	2	70	n/a	n/a	n/a	n/a	n/a	n/a	n/a	n/a	n/a	n/a	n/a	n/a	n/a	n/a	n/a	n/a	n/a	n/a	n/a	n/a	n/a	654.494989	n/a
654.513834	0.000000	130903	ttl	11	70	n/a	n/a	n/a	n/a	n/a	n/a	n/a	n/a	n/a	n/a	n/a	n/a	n/a	n/a	n/a	n/a	n/a	n/a	n/a	n/a	n/a	654.513834	n/a
655.509838	8.198643	131102	encoding	n/a	n/a	NB_13.mp4	70.0	659.509838	n/a	n/a	654.5138344999999	0	n/a	n/a	n/a	n/a	n/a	n/a	n/a	n/a	n/a	n/a	n/a	n/a	intervals/encoding_table	64	655.509838	663.708480
655.509838	0.000000	131102	ttl	1	70	n/a	n/a	n/a	n/a	n/a	n/a	n/a	n/a	n/a	n/a	n/a	n/a	n/a	n/a	n/a	n/a	n/a	n/a	n/a	n/a	n/a	655.509838	n/a
663.708480	0.000000	132742	ttl	2	70	n/a	n/a	n/a	n/a	n/a	n/a	n/a	n/a	n/a	n/a	n/a	n/a	n/a	n/a	n/a	n/a	n/a	n/a	n/a	n/a	n/a	663.708480	n/a
663.727216	0.000000	132745	ttl	11	70	n/a	n/a	n/a	n/a	n/a	n/a	n/a	n/a	n/a	n/a	n/a	n/a	n/a	n/a	n/a	n/a	n/a	n/a	n/a	n/a	n/a	663.727216	n/a
664.776520	7.530918	132955	encoding	n/a	n/a	NB_15.mp4	70.0	668.7765205	n/a	n/a	663.7272164999999	0	n/a	n/a	n/a	n/a	n/a	n/a	n/a	n/a	n/a	n/a	n/a	n/a	intervals/encoding_table	65	664.776520	672.307439
664.776520	0.000000	132955	ttl	1	70	n/a	n/a	n/a	n/a	n/a	n/a	n/a	n/a	n/a	n/a	n/a	n/a	n/a	n/a	n/a	n/a	n/a	n/a	n/a	n/a	n/a	664.776520	n/a
672.307439	0.000000	134461	ttl	2	70	n/a	n/a	n/a	n/a	n/a	n/a	n/a	n/a	n/a	n/a	n/a	n/a	n/a	n/a	n/a	n/a	n/a	n/a	n/a	n/a	n/a	672.307439	n/a
672.326391	0.000000	134465	ttl	11	70	n/a	n/a	n/a	n/a	n/a	n/a	n/a	n/a	n/a	n/a	n/a	n/a	n/a	n/a	n/a	n/a	n/a	n/a	n/a	n/a	n/a	672.326391	n/a
673.268676	7.166065	134654	encoding	n/a	n/a	NB_20.mp4	70.0	677.2686757499999	n/a	n/a	672.3263912499999	0	n/a	n/a	n/a	n/a	n/a	n/a	n/a	n/a	n/a	n/a	n/a	n/a	intervals/encoding_table	66	673.268676	680.434741
673.268676	0.000000	134654	ttl	1	70	n/a	n/a	n/a	n/a	n/a	n/a	n/a	n/a	n/a	n/a	n/a	n/a	n/a	n/a	n/a	n/a	n/a	n/a	n/a	n/a	n/a	673.268676	n/a
680.434741	0.000000	136087	ttl	2	70	n/a	n/a	n/a	n/a	n/a	n/a	n/a	n/a	n/a	n/a	n/a	n/a	n/a	n/a	n/a	n/a	n/a	n/a	n/a	n/a	n/a	680.434741	n/a
690.025922	0.000000	138005	ttl	11	70	n/a	n/a	n/a	n/a	n/a	n/a	n/a	n/a	n/a	n/a	n/a	n/a	n/a	n/a	n/a	n/a	n/a	n/a	n/a	n/a	n/a	690.025922	n/a
690.975619	8.050064	138195	encoding	n/a	n/a	HB_1.mp4	70.0	694.97561925	692.5276695	n/a	690.0259219999999	2	n/a	n/a	n/a	n/a	n/a	n/a	n/a	n/a	n/a	n/a	n/a	n/a	intervals/encoding_table	67	690.975619	699.025683
690.975619	0.000000	138195	ttl	1	70	n/a	n/a	n/a	n/a	n/a	n/a	n/a	n/a	n/a	n/a	n/a	n/a	n/a	n/a	n/a	n/a	n/a	n/a	n/a	n/a	n/a	690.975619	n/a
699.025683	0.000000	139805	ttl	2	70	n/a	n/a	n/a	n/a	n/a	n/a	n/a	n/a	n/a	n/a	n/a	n/a	n/a	n/a	n/a	n/a	n/a	n/a	n/a	n/a	n/a	699.025683	n/a
699.044642	0.000000	139809	ttl	11	70	n/a	n/a	n/a	n/a	n/a	n/a	n/a	n/a	n/a	n/a	n/a	n/a	n/a	n/a	n/a	n/a	n/a	n/a	n/a	n/a	n/a	699.044642	n/a
699.964210	7.863858	139993	encoding	n/a	n/a	SB_4.mp4	70.0	705.5310895	n/a	n/a	699.0446422499999	1	n/a	n/a	n/a	n/a	n/a	n/a	n/a	n/a	n/a	n/a	n/a	n/a	intervals/encoding_table	68	699.964210	707.828068
699.964210	0.000000	139993	ttl	1	70	n/a	n/a	n/a	n/a	n/a	n/a	n/a	n/a	n/a	n/a	n/a	n/a	n/a	n/a	n/a	n/a	n/a	n/a	n/a	n/a	n/a	699.964210	n/a
707.828068	0.000000	141566	ttl	2	70	n/a	n/a	n/a	n/a	n/a	n/a	n/a	n/a	n/a	n/a	n/a	n/a	n/a	n/a	n/a	n/a	n/a	n/a	n/a	n/a	n/a	707.828068	n/a
707.847060	0.000000	141569	ttl	11	70	n/a	n/a	n/a	n/a	n/a	n/a	n/a	n/a	n/a	n/a	n/a	n/a	n/a	n/a	n/a	n/a	n/a	n/a	n/a	n/a	n/a	707.847060	n/a
708.888794	8.433394	141778	encoding	n/a	n/a	SB_25.mp4	70.0	711.246264	712.4405274999999	n/a	707.84705975	1	n/a	n/a	n/a	n/a	n/a	n/a	n/a	n/a	n/a	n/a	n/a	n/a	intervals/encoding_table	69	708.888794	717.322187
708.888794	0.000000	141778	ttl	1	70	n/a	n/a	n/a	n/a	n/a	n/a	n/a	n/a	n/a	n/a	n/a	n/a	n/a	n/a	n/a	n/a	n/a	n/a	n/a	n/a	n/a	708.888794	n/a
717.322187	0.000000	143464	ttl	2	70	n/a	n/a	n/a	n/a	n/a	n/a	n/a	n/a	n/a	n/a	n/a	n/a	n/a	n/a	n/a	n/a	n/a	n/a	n/a	n/a	n/a	717.322187	n/a
717.341213	0.000000	143468	ttl	11	70	n/a	n/a	n/a	n/a	n/a	n/a	n/a	n/a	n/a	n/a	n/a	n/a	n/a	n/a	n/a	n/a	n/a	n/a	n/a	n/a	n/a	717.341213	n/a
718.412363	7.931877	143682	encoding	n/a	n/a	HB_13.mp4	70.0	722.4123627499999	720.6772555	724.61950525	717.3412135	2	n/a	n/a	n/a	n/a	n/a	n/a	n/a	n/a	n/a	n/a	n/a	n/a	intervals/encoding_table	70	718.412363	726.344239
718.412363	0.000000	143682	ttl	1	70	n/a	n/a	n/a	n/a	n/a	n/a	n/a	n/a	n/a	n/a	n/a	n/a	n/a	n/a	n/a	n/a	n/a	n/a	n/a	n/a	n/a	718.412363	n/a
726.344239	0.000000	145269	ttl	2	70	n/a	n/a	n/a	n/a	n/a	n/a	n/a	n/a	n/a	n/a	n/a	n/a	n/a	n/a	n/a	n/a	n/a	n/a	n/a	n/a	n/a	726.344239	n/a
726.363188	0.000000	145273	ttl	11	70	n/a	n/a	n/a	n/a	n/a	n/a	n/a	n/a	n/a	n/a	n/a	n/a	n/a	n/a	n/a	n/a	n/a	n/a	n/a	n/a	n/a	726.363188	n/a
727.420995	7.966479	145484	encoding	n/a	n/a	SB_7.mp4	70.0	729.8134857499999	n/a	n/a	726.3631879999999	1	n/a	n/a	n/a	n/a	n/a	n/a	n/a	n/a	n/a	n/a	n/a	n/a	intervals/encoding_table	71	727.420995	735.387474
727.420995	0.000000	145484	ttl	1	70	n/a	n/a	n/a	n/a	n/a	n/a	n/a	n/a	n/a	n/a	n/a	n/a	n/a	n/a	n/a	n/a	n/a	n/a	n/a	n/a	n/a	727.420995	n/a
735.387474	0.000000	147077	ttl	2	70	n/a	n/a	n/a	n/a	n/a	n/a	n/a	n/a	n/a	n/a	n/a	n/a	n/a	n/a	n/a	n/a	n/a	n/a	n/a	n/a	n/a	735.387474	n/a
735.406735	0.000000	147081	ttl	11	70	n/a	n/a	n/a	n/a	n/a	n/a	n/a	n/a	n/a	n/a	n/a	n/a	n/a	n/a	n/a	n/a	n/a	n/a	n/a	n/a	n/a	735.406735	n/a
736.455304	8.229759	147291	encoding	n/a	n/a	NB_26.mp4	70.0	740.45530375	n/a	n/a	735.40673525	0	n/a	n/a	n/a	n/a	n/a	n/a	n/a	n/a	n/a	n/a	n/a	n/a	intervals/encoding_table	72	736.455304	744.685062
736.455304	0.000000	147291	ttl	1	70	n/a	n/a	n/a	n/a	n/a	n/a	n/a	n/a	n/a	n/a	n/a	n/a	n/a	n/a	n/a	n/a	n/a	n/a	n/a	n/a	n/a	736.455304	n/a
744.685062	0.000000	148937	ttl	2	70	n/a	n/a	n/a	n/a	n/a	n/a	n/a	n/a	n/a	n/a	n/a	n/a	n/a	n/a	n/a	n/a	n/a	n/a	n/a	n/a	n/a	744.685062	n/a
749.479842	0.000000	149896	ttl	11	70	n/a	n/a	n/a	n/a	n/a	n/a	n/a	n/a	n/a	n/a	n/a	n/a	n/a	n/a	n/a	n/a	n/a	n/a	n/a	n/a	n/a	749.479842	n/a
750.400746	7.966349	150080	encoding	n/a	n/a	NB_27.mp4	70.0	754.4007459999999	n/a	n/a	749.47984175	0	n/a	n/a	n/a	n/a	n/a	n/a	n/a	n/a	n/a	n/a	n/a	n/a	intervals/encoding_table	73	750.400746	758.367095
750.400746	0.000000	150080	ttl	1	70	n/a	n/a	n/a	n/a	n/a	n/a	n/a	n/a	n/a	n/a	n/a	n/a	n/a	n/a	n/a	n/a	n/a	n/a	n/a	n/a	n/a	750.400746	n/a
758.367095	0.000000	151673	ttl	2	70	n/a	n/a	n/a	n/a	n/a	n/a	n/a	n/a	n/a	n/a	n/a	n/a	n/a	n/a	n/a	n/a	n/a	n/a	n/a	n/a	n/a	758.367095	n/a
758.386045	0.000000	151677	ttl	11	70	n/a	n/a	n/a	n/a	n/a	n/a	n/a	n/a	n/a	n/a	n/a	n/a	n/a	n/a	n/a	n/a	n/a	n/a	n/a	n/a	n/a	758.386045	n/a
759.390220	7.931666	151878	encoding	n/a	n/a	HB_23.mp4	70.0	763.39022025	n/a	n/a	758.3860452499999	2	n/a	n/a	n/a	n/a	n/a	n/a	n/a	n/a	n/a	n/a	n/a	n/a	intervals/encoding_table	74	759.390220	767.321887
759.390220	0.000000	151878	ttl	1	70	n/a	n/a	n/a	n/a	n/a	n/a	n/a	n/a	n/a	n/a	n/a	n/a	n/a	n/a	n/a	n/a	n/a	n/a	n/a	n/a	n/a	759.390220	n/a
767.321887	0.000000	153464	ttl	2	70	n/a	n/a	n/a	n/a	n/a	n/a	n/a	n/a	n/a	n/a	n/a	n/a	n/a	n/a	n/a	n/a	n/a	n/a	n/a	n/a	n/a	767.321887	n/a
767.340871	0.000000	153468	ttl	11	70	n/a	n/a	n/a	n/a	n/a	n/a	n/a	n/a	n/a	n/a	n/a	n/a	n/a	n/a	n/a	n/a	n/a	n/a	n/a	n/a	n/a	767.340871	n/a
768.410198	7.980225	153682	encoding	n/a	n/a	HB_5.mp4	70.0	772.41019775	774.4696964999999	n/a	767.34087125	2	n/a	n/a	n/a	n/a	n/a	n/a	n/a	n/a	n/a	n/a	n/a	n/a	intervals/encoding_table	75	768.410198	776.390422
768.410198	0.000000	153682	ttl	1	70	n/a	n/a	n/a	n/a	n/a	n/a	n/a	n/a	n/a	n/a	n/a	n/a	n/a	n/a	n/a	n/a	n/a	n/a	n/a	n/a	n/a	768.410198	n/a
776.390422	0.000000	155278	ttl	2	70	n/a	n/a	n/a	n/a	n/a	n/a	n/a	n/a	n/a	n/a	n/a	n/a	n/a	n/a	n/a	n/a	n/a	n/a	n/a	n/a	n/a	776.390422	n/a
776.409461	0.000000	155282	ttl	11	70	n/a	n/a	n/a	n/a	n/a	n/a	n/a	n/a	n/a	n/a	n/a	n/a	n/a	n/a	n/a	n/a	n/a	n/a	n/a	n/a	n/a	776.409461	n/a
777.478184	8.197017	155496	encoding	n/a	n/a	NB_18.mp4	70.0	781.47818375	n/a	n/a	776.4094612499999	0	n/a	n/a	n/a	n/a	n/a	n/a	n/a	n/a	n/a	n/a	n/a	n/a	intervals/encoding_table	76	777.478184	785.675200
777.478184	0.000000	155496	ttl	1	70	n/a	n/a	n/a	n/a	n/a	n/a	n/a	n/a	n/a	n/a	n/a	n/a	n/a	n/a	n/a	n/a	n/a	n/a	n/a	n/a	n/a	777.478184	n/a
785.675200	0.000000	157135	ttl	2	70	n/a	n/a	n/a	n/a	n/a	n/a	n/a	n/a	n/a	n/a	n/a	n/a	n/a	n/a	n/a	n/a	n/a	n/a	n/a	n/a	n/a	785.675200	n/a
785.694146	0.000000	157139	ttl	11	70	n/a	n/a	n/a	n/a	n/a	n/a	n/a	n/a	n/a	n/a	n/a	n/a	n/a	n/a	n/a	n/a	n/a	n/a	n/a	n/a	n/a	785.694146	n/a
786.669696	8.165859	157334	encoding	n/a	n/a	SB_2.mp4	70.0	792.19865575	n/a	n/a	785.6941465	1	n/a	n/a	n/a	n/a	n/a	n/a	n/a	n/a	n/a	n/a	n/a	n/a	intervals/encoding_table	77	786.669696	794.835555
786.669696	0.000000	157334	ttl	1	70	n/a	n/a	n/a	n/a	n/a	n/a	n/a	n/a	n/a	n/a	n/a	n/a	n/a	n/a	n/a	n/a	n/a	n/a	n/a	n/a	n/a	786.669696	n/a
794.835555	0.000000	158967	ttl	2	70	n/a	n/a	n/a	n/a	n/a	n/a	n/a	n/a	n/a	n/a	n/a	n/a	n/a	n/a	n/a	n/a	n/a	n/a	n/a	n/a	n/a	794.835555	n/a
794.854705	0.000000	158971	ttl	11	70	n/a	n/a	n/a	n/a	n/a	n/a	n/a	n/a	n/a	n/a	n/a	n/a	n/a	n/a	n/a	n/a	n/a	n/a	n/a	n/a	n/a	794.854705	n/a
795.809124	8.066316	159162	encoding	n/a	n/a	HB_20.mp4	70.0	799.8091237499999	n/a	n/a	794.85470475	2	n/a	n/a	n/a	n/a	n/a	n/a	n/a	n/a	n/a	n/a	n/a	n/a	intervals/encoding_table	78	795.809124	803.875440
795.809124	0.000000	159162	ttl	1	70	n/a	n/a	n/a	n/a	n/a	n/a	n/a	n/a	n/a	n/a	n/a	n/a	n/a	n/a	n/a	n/a	n/a	n/a	n/a	n/a	n/a	795.809124	n/a
803.875440	0.000000	160775	ttl	2	70	n/a	n/a	n/a	n/a	n/a	n/a	n/a	n/a	n/a	n/a	n/a	n/a	n/a	n/a	n/a	n/a	n/a	n/a	n/a	n/a	n/a	803.875440	n/a
808.409263	0.000000	161682	ttl	11	70	n/a	n/a	n/a	n/a	n/a	n/a	n/a	n/a	n/a	n/a	n/a	n/a	n/a	n/a	n/a	n/a	n/a	n/a	n/a	n/a	n/a	808.409263	n/a
809.334324	8.366701	161867	encoding	n/a	n/a	NB_29.mp4	70.0	813.33432425	n/a	n/a	808.4092635	0	n/a	n/a	n/a	n/a	n/a	n/a	n/a	n/a	n/a	n/a	n/a	n/a	intervals/encoding_table	79	809.334324	817.701025
809.334324	0.000000	161867	ttl	1	70	n/a	n/a	n/a	n/a	n/a	n/a	n/a	n/a	n/a	n/a	n/a	n/a	n/a	n/a	n/a	n/a	n/a	n/a	n/a	n/a	n/a	809.334324	n/a
817.701025	0.000000	163540	ttl	2	70	n/a	n/a	n/a	n/a	n/a	n/a	n/a	n/a	n/a	n/a	n/a	n/a	n/a	n/a	n/a	n/a	n/a	n/a	n/a	n/a	n/a	817.701025	n/a
817.719879	0.000000	163544	ttl	11	70	n/a	n/a	n/a	n/a	n/a	n/a	n/a	n/a	n/a	n/a	n/a	n/a	n/a	n/a	n/a	n/a	n/a	n/a	n/a	n/a	n/a	817.719879	n/a
818.758150	8.664399	163752	encoding	n/a	n/a	SB_20.mp4	70.0	821.6771347499999	823.01950825	n/a	817.7198794999999	1	n/a	n/a	n/a	n/a	n/a	n/a	n/a	n/a	n/a	n/a	n/a	n/a	intervals/encoding_table	80	818.758150	827.422549
818.758150	0.000000	163752	ttl	1	70	n/a	n/a	n/a	n/a	n/a	n/a	n/a	n/a	n/a	n/a	n/a	n/a	n/a	n/a	n/a	n/a	n/a	n/a	n/a	n/a	n/a	818.758150	n/a
827.422549	0.000000	165485	ttl	2	70	n/a	n/a	n/a	n/a	n/a	n/a	n/a	n/a	n/a	n/a	n/a	n/a	n/a	n/a	n/a	n/a	n/a	n/a	n/a	n/a	n/a	827.422549	n/a
827.441443	0.000000	165488	ttl	11	70	n/a	n/a	n/a	n/a	n/a	n/a	n/a	n/a	n/a	n/a	n/a	n/a	n/a	n/a	n/a	n/a	n/a	n/a	n/a	n/a	n/a	827.441443	n/a
828.452470	8.064111	165690	encoding	n/a	n/a	SB_15.mp4	70.0	833.4538719999999	n/a	n/a	827.4414435	1	n/a	n/a	n/a	n/a	n/a	n/a	n/a	n/a	n/a	n/a	n/a	n/a	intervals/encoding_table	81	828.452470	836.516581
828.452470	0.000000	165690	ttl	1	70	n/a	n/a	n/a	n/a	n/a	n/a	n/a	n/a	n/a	n/a	n/a	n/a	n/a	n/a	n/a	n/a	n/a	n/a	n/a	n/a	n/a	828.452470	n/a
836.516581	0.000000	167303	ttl	2	70	n/a	n/a	n/a	n/a	n/a	n/a	n/a	n/a	n/a	n/a	n/a	n/a	n/a	n/a	n/a	n/a	n/a	n/a	n/a	n/a	n/a	836.516581	n/a
836.535486	0.000000	167307	ttl	11	70	n/a	n/a	n/a	n/a	n/a	n/a	n/a	n/a	n/a	n/a	n/a	n/a	n/a	n/a	n/a	n/a	n/a	n/a	n/a	n/a	n/a	836.535486	n/a
837.437181	8.197238	167487	encoding	n/a	n/a	HB_19.mp4	70.0	841.437181	n/a	n/a	836.53548625	2	n/a	n/a	n/a	n/a	n/a	n/a	n/a	n/a	n/a	n/a	n/a	n/a	intervals/encoding_table	82	837.437181	845.634419
837.437181	0.000000	167487	ttl	1	70	n/a	n/a	n/a	n/a	n/a	n/a	n/a	n/a	n/a	n/a	n/a	n/a	n/a	n/a	n/a	n/a	n/a	n/a	n/a	n/a	n/a	837.437181	n/a
845.634419	0.000000	169127	ttl	2	70	n/a	n/a	n/a	n/a	n/a	n/a	n/a	n/a	n/a	n/a	n/a	n/a	n/a	n/a	n/a	n/a	n/a	n/a	n/a	n/a	n/a	845.634419	n/a
845.653373	0.000000	169131	ttl	11	70	n/a	n/a	n/a	n/a	n/a	n/a	n/a	n/a	n/a	n/a	n/a	n/a	n/a	n/a	n/a	n/a	n/a	n/a	n/a	n/a	n/a	845.653373	n/a
846.636579	8.930501	169327	encoding	n/a	n/a	SB_18.mp4	70.0	849.4680502499999	851.25250425	n/a	845.653373	1	n/a	n/a	n/a	n/a	n/a	n/a	n/a	n/a	n/a	n/a	n/a	n/a	intervals/encoding_table	83	846.636579	855.567081
846.636579	0.000000	169327	ttl	1	70	n/a	n/a	n/a	n/a	n/a	n/a	n/a	n/a	n/a	n/a	n/a	n/a	n/a	n/a	n/a	n/a	n/a	n/a	n/a	n/a	n/a	846.636579	n/a
855.567081	0.000000	171113	ttl	2	70	n/a	n/a	n/a	n/a	n/a	n/a	n/a	n/a	n/a	n/a	n/a	n/a	n/a	n/a	n/a	n/a	n/a	n/a	n/a	n/a	n/a	855.567081	n/a
860.462521	0.000000	172093	ttl	11	70	n/a	n/a	n/a	n/a	n/a	n/a	n/a	n/a	n/a	n/a	n/a	n/a	n/a	n/a	n/a	n/a	n/a	n/a	n/a	n/a	n/a	860.462521	n/a
861.450345	7.996109	172290	encoding	n/a	n/a	NB_19.mp4	70.0	865.450345	n/a	n/a	860.46252125	0	n/a	n/a	n/a	n/a	n/a	n/a	n/a	n/a	n/a	n/a	n/a	n/a	intervals/encoding_table	84	861.450345	869.446454
861.450345	0.000000	172290	ttl	1	70	n/a	n/a	n/a	n/a	n/a	n/a	n/a	n/a	n/a	n/a	n/a	n/a	n/a	n/a	n/a	n/a	n/a	n/a	n/a	n/a	n/a	861.450345	n/a
869.446454	0.000000	173889	ttl	2	70	n/a	n/a	n/a	n/a	n/a	n/a	n/a	n/a	n/a	n/a	n/a	n/a	n/a	n/a	n/a	n/a	n/a	n/a	n/a	n/a	n/a	869.446454	n/a
869.465266	0.000000	173893	ttl	11	70	n/a	n/a	n/a	n/a	n/a	n/a	n/a	n/a	n/a	n/a	n/a	n/a	n/a	n/a	n/a	n/a	n/a	n/a	n/a	n/a	n/a	869.465266	n/a
870.522139	8.432882	174104	encoding	n/a	n/a	HB_22.mp4	70.0	874.52213875	n/a	n/a	869.4652665	2	n/a	n/a	n/a	n/a	n/a	n/a	n/a	n/a	n/a	n/a	n/a	n/a	intervals/encoding_table	85	870.522139	878.955020
870.522139	0.000000	174104	ttl	1	70	n/a	n/a	n/a	n/a	n/a	n/a	n/a	n/a	n/a	n/a	n/a	n/a	n/a	n/a	n/a	n/a	n/a	n/a	n/a	n/a	n/a	870.522139	n/a
878.955020	0.000000	175791	ttl	2	70	n/a	n/a	n/a	n/a	n/a	n/a	n/a	n/a	n/a	n/a	n/a	n/a	n/a	n/a	n/a	n/a	n/a	n/a	n/a	n/a	n/a	878.955020	n/a
878.974262	0.000000	175795	ttl	11	70	n/a	n/a	n/a	n/a	n/a	n/a	n/a	n/a	n/a	n/a	n/a	n/a	n/a	n/a	n/a	n/a	n/a	n/a	n/a	n/a	n/a	878.974262	n/a
880.040261	7.998757	176008	encoding	n/a	n/a	NB_14.mp4	70.0	884.04026125	n/a	n/a	878.97426175	0	n/a	n/a	n/a	n/a	n/a	n/a	n/a	n/a	n/a	n/a	n/a	n/a	intervals/encoding_table	86	880.040261	888.039018
880.040261	0.000000	176008	ttl	1	70	n/a	n/a	n/a	n/a	n/a	n/a	n/a	n/a	n/a	n/a	n/a	n/a	n/a	n/a	n/a	n/a	n/a	n/a	n/a	n/a	n/a	880.040261	n/a
888.039018	0.000000	177608	ttl	2	70	n/a	n/a	n/a	n/a	n/a	n/a	n/a	n/a	n/a	n/a	n/a	n/a	n/a	n/a	n/a	n/a	n/a	n/a	n/a	n/a	n/a	888.039018	n/a
888.057938	0.000000	177612	ttl	11	70	n/a	n/a	n/a	n/a	n/a	n/a	n/a	n/a	n/a	n/a	n/a	n/a	n/a	n/a	n/a	n/a	n/a	n/a	n/a	n/a	n/a	888.057938	n/a
889.075860	8.197553	177815	encoding	n/a	n/a	HB_10.mp4	70.0	893.07585975	890.6353895	895.004614	888.0579385	2	n/a	n/a	n/a	n/a	n/a	n/a	n/a	n/a	n/a	n/a	n/a	n/a	intervals/encoding_table	87	889.075860	897.273413
889.075860	0.000000	177815	ttl	1	70	n/a	n/a	n/a	n/a	n/a	n/a	n/a	n/a	n/a	n/a	n/a	n/a	n/a	n/a	n/a	n/a	n/a	n/a	n/a	n/a	n/a	889.075860	n/a
897.273413	0.000000	179455	ttl	2	70	n/a	n/a	n/a	n/a	n/a	n/a	n/a	n/a	n/a	n/a	n/a	n/a	n/a	n/a	n/a	n/a	n/a	n/a	n/a	n/a	n/a	897.273413	n/a
897.292623	0.000000	179459	ttl	11	70	n/a	n/a	n/a	n/a	n/a	n/a	n/a	n/a	n/a	n/a	n/a	n/a	n/a	n/a	n/a	n/a	n/a	n/a	n/a	n/a	n/a	897.292623	n/a
898.221038	8.033321	179644	encoding	n/a	n/a	HB_9.mp4	70.0	902.2210379999999	900.6842075	904.095685	897.2926229999999	2	n/a	n/a	n/a	n/a	n/a	n/a	n/a	n/a	n/a	n/a	n/a	n/a	intervals/encoding_table	88	898.221038	906.254359
898.221038	0.000000	179644	ttl	1	70	n/a	n/a	n/a	n/a	n/a	n/a	n/a	n/a	n/a	n/a	n/a	n/a	n/a	n/a	n/a	n/a	n/a	n/a	n/a	n/a	n/a	898.221038	n/a
906.254359	0.000000	181251	ttl	2	70	n/a	n/a	n/a	n/a	n/a	n/a	n/a	n/a	n/a	n/a	n/a	n/a	n/a	n/a	n/a	n/a	n/a	n/a	n/a	n/a	n/a	906.254359	n/a
907.367975	0.000000	181474	ttl	11	70	n/a	n/a	n/a	n/a	n/a	n/a	n/a	n/a	n/a	n/a	n/a	n/a	n/a	n/a	n/a	n/a	n/a	n/a	n/a	n/a	n/a	907.367975	n/a
908.386638	8.104574	181677	encoding	n/a	n/a	SB_30.mp4	70.0	908.9383065	910.2186154999999	911.97330225	907.367975	1	n/a	n/a	n/a	n/a	n/a	n/a	n/a	n/a	n/a	n/a	n/a	n/a	intervals/encoding_table	89	908.386638	916.491212
908.386638	0.000000	181677	ttl	1	70	n/a	n/a	n/a	n/a	n/a	n/a	n/a	n/a	n/a	n/a	n/a	n/a	n/a	n/a	n/a	n/a	n/a	n/a	n/a	n/a	n/a	908.386638	n/a
916.491212	0.000000	183298	ttl	2	70	n/a	n/a	n/a	n/a	n/a	n/a	n/a	n/a	n/a	n/a	n/a	n/a	n/a	n/a	n/a	n/a	n/a	n/a	n/a	n/a	n/a	916.491212	n/a
916.550810	0.000000	183310	ttl	60	70	n/a	n/a	n/a	n/a	n/a	n/a	n/a	n/a	n/a	n/a	n/a	n/a	n/a	n/a	n/a	n/a	n/a	n/a	n/a	n/a	n/a	916.550810	n/a
1157.820240	0.000000	231564	ttl	61	71	n/a	n/a	n/a	n/a	n/a	n/a	n/a	n/a	n/a	n/a	n/a	n/a	n/a	n/a	n/a	n/a	n/a	n/a	n/a	n/a	n/a	1157.820240	n/a
1157.876093	0.000000	231575	ttl	11	71	n/a	n/a	n/a	n/a	n/a	n/a	n/a	n/a	n/a	n/a	n/a	n/a	n/a	n/a	n/a	n/a	n/a	n/a	n/a	n/a	n/a	1157.876093	n/a
1158.417921	1.579591	231684	scene_recognition	n/a	n/a	n/a	71.0	n/a	n/a	n/a	1157.8760929999999	n/a	2.8055086997774197	2	2	2	SB_2_frameB.png	2	3	1162.8030205	1	1	n/a	n/a	intervals/recognition_table	0	1158.417921	1159.997512
1158.417921	0.000000	231684	ttl	1	71	n/a	n/a	n/a	n/a	n/a	n/a	n/a	n/a	n/a	n/a	n/a	n/a	n/a	n/a	n/a	n/a	n/a	n/a	n/a	n/a	n/a	1158.417921	n/a
1159.997512	0.000000	232000	ttl	2	71	n/a	n/a	n/a	n/a	n/a	n/a	n/a	n/a	n/a	n/a	n/a	n/a	n/a	n/a	n/a	n/a	n/a	n/a	n/a	n/a	n/a	1159.997512	n/a
1162.803021	0.000000	232561	ttl	4	71	n/a	n/a	n/a	n/a	n/a	n/a	n/a	n/a	n/a	n/a	n/a	n/a	n/a	n/a	n/a	n/a	n/a	n/a	n/a	n/a	n/a	1162.803021	n/a
1162.855629	0.000000	232571	ttl	11	71	n/a	n/a	n/a	n/a	n/a	n/a	n/a	n/a	n/a	n/a	n/a	n/a	n/a	n/a	n/a	n/a	n/a	n/a	n/a	n/a	n/a	1162.855629	n/a
1163.457813	1.528957	232692	scene_recognition	n/a	n/a	n/a	71.0	n/a	n/a	n/a	1162.855629	n/a	1.6162327191850636	2	2	2	SB_2_frameB_foil.png	1	6	1166.60300325	0	2	n/a	n/a	intervals/recognition_table	1	1163.457813	1164.986770
1163.457813	0.000000	232692	ttl	1	71	n/a	n/a	n/a	n/a	n/a	n/a	n/a	n/a	n/a	n/a	n/a	n/a	n/a	n/a	n/a	n/a	n/a	n/a	n/a	n/a	n/a	1163.457813	n/a
1164.986770	0.000000	232997	ttl	2	71	n/a	n/a	n/a	n/a	n/a	n/a	n/a	n/a	n/a	n/a	n/a	n/a	n/a	n/a	n/a	n/a	n/a	n/a	n/a	n/a	n/a	1164.986770	n/a
1166.603003	0.000000	233321	ttl	4	71	n/a	n/a	n/a	n/a	n/a	n/a	n/a	n/a	n/a	n/a	n/a	n/a	n/a	n/a	n/a	n/a	n/a	n/a	n/a	n/a	n/a	1166.603003	n/a
1166.636791	0.000000	233327	ttl	11	71	n/a	n/a	n/a	n/a	n/a	n/a	n/a	n/a	n/a	n/a	n/a	n/a	n/a	n/a	n/a	n/a	n/a	n/a	n/a	n/a	n/a	1166.636791	n/a
1167.138297	1.528291	233428	scene_recognition	n/a	n/a	n/a	71.0	n/a	n/a	n/a	1166.636791	n/a	1.020184243490803	2	3	2	HB_5_frameB.png	2	3	1169.6867722499999	1	3	n/a	n/a	intervals/recognition_table	2	1167.138297	1168.666588
1167.138297	0.000000	233428	ttl	1	71	n/a	n/a	n/a	n/a	n/a	n/a	n/a	n/a	n/a	n/a	n/a	n/a	n/a	n/a	n/a	n/a	n/a	n/a	n/a	n/a	n/a	1167.138297	n/a
1168.666588	0.000000	233733	ttl	2	71	n/a	n/a	n/a	n/a	n/a	n/a	n/a	n/a	n/a	n/a	n/a	n/a	n/a	n/a	n/a	n/a	n/a	n/a	n/a	n/a	n/a	1168.666588	n/a
1169.686772	0.000000	233937	ttl	4	71	n/a	n/a	n/a	n/a	n/a	n/a	n/a	n/a	n/a	n/a	n/a	n/a	n/a	n/a	n/a	n/a	n/a	n/a	n/a	n/a	n/a	1169.686772	n/a
1169.710727	0.000000	233942	ttl	11	71	n/a	n/a	n/a	n/a	n/a	n/a	n/a	n/a	n/a	n/a	n/a	n/a	n/a	n/a	n/a	n/a	n/a	n/a	n/a	n/a	n/a	1169.710727	n/a
1170.272304	1.550659	234054	scene_recognition	n/a	n/a	n/a	71.0	n/a	n/a	n/a	1169.71072675	n/a	2.6117266581131844	2	1	2	NB_15_frameB.png	2	3	1174.43468925	1	4	n/a	n/a	intervals/recognition_table	3	1170.272304	1171.822963
1170.272304	0.000000	234054	ttl	1	71	n/a	n/a	n/a	n/a	n/a	n/a	n/a	n/a	n/a	n/a	n/a	n/a	n/a	n/a	n/a	n/a	n/a	n/a	n/a	n/a	n/a	1170.272304	n/a
1171.822963	0.000000	234365	ttl	2	71	n/a	n/a	n/a	n/a	n/a	n/a	n/a	n/a	n/a	n/a	n/a	n/a	n/a	n/a	n/a	n/a	n/a	n/a	n/a	n/a	n/a	1171.822963	n/a
1174.434689	0.000000	234887	ttl	4	71	n/a	n/a	n/a	n/a	n/a	n/a	n/a	n/a	n/a	n/a	n/a	n/a	n/a	n/a	n/a	n/a	n/a	n/a	n/a	n/a	n/a	1174.434689	n/a
1174.458206	0.000000	234892	ttl	11	71	n/a	n/a	n/a	n/a	n/a	n/a	n/a	n/a	n/a	n/a	n/a	n/a	n/a	n/a	n/a	n/a	n/a	n/a	n/a	n/a	n/a	1174.458206	n/a
1174.979808	1.527963	234996	scene_recognition	n/a	n/a	n/a	71.0	n/a	n/a	n/a	1174.458206	n/a	1.1265338328812504	2	2	2	SB_1_frameA.png	2	3	1177.634305	1	5	n/a	n/a	intervals/recognition_table	4	1174.979808	1176.507771
1174.979808	0.000000	234996	ttl	1	71	n/a	n/a	n/a	n/a	n/a	n/a	n/a	n/a	n/a	n/a	n/a	n/a	n/a	n/a	n/a	n/a	n/a	n/a	n/a	n/a	n/a	1174.979808	n/a
1176.507771	0.000000	235302	ttl	2	71	n/a	n/a	n/a	n/a	n/a	n/a	n/a	n/a	n/a	n/a	n/a	n/a	n/a	n/a	n/a	n/a	n/a	n/a	n/a	n/a	n/a	1176.507771	n/a
1177.634305	0.000000	235527	ttl	4	71	n/a	n/a	n/a	n/a	n/a	n/a	n/a	n/a	n/a	n/a	n/a	n/a	n/a	n/a	n/a	n/a	n/a	n/a	n/a	n/a	n/a	1177.634305	n/a
1177.662951	0.000000	235533	ttl	11	71	n/a	n/a	n/a	n/a	n/a	n/a	n/a	n/a	n/a	n/a	n/a	n/a	n/a	n/a	n/a	n/a	n/a	n/a	n/a	n/a	n/a	1177.662951	n/a
1178.204781	1.547207	235641	scene_recognition	n/a	n/a	n/a	71.0	n/a	n/a	n/a	1177.6629515	n/a	2.132672510051634	2	2	2	SB_2_frameB.png	2	3	1181.88466075	1	6	n/a	n/a	intervals/recognition_table	5	1178.204781	1179.751988
1178.204781	0.000000	235641	ttl	1	71	n/a	n/a	n/a	n/a	n/a	n/a	n/a	n/a	n/a	n/a	n/a	n/a	n/a	n/a	n/a	n/a	n/a	n/a	n/a	n/a	n/a	1178.204781	n/a
1179.751988	0.000000	235950	ttl	2	71	n/a	n/a	n/a	n/a	n/a	n/a	n/a	n/a	n/a	n/a	n/a	n/a	n/a	n/a	n/a	n/a	n/a	n/a	n/a	n/a	n/a	1179.751988	n/a
1181.884661	0.000000	236377	ttl	4	71	n/a	n/a	n/a	n/a	n/a	n/a	n/a	n/a	n/a	n/a	n/a	n/a	n/a	n/a	n/a	n/a	n/a	n/a	n/a	n/a	n/a	1181.884661	n/a
1181.890176	0.000000	236378	ttl	11	71	n/a	n/a	n/a	n/a	n/a	n/a	n/a	n/a	n/a	n/a	n/a	n/a	n/a	n/a	n/a	n/a	n/a	n/a	n/a	n/a	n/a	1181.890176	n/a
1182.412407	1.547263	236482	scene_recognition	n/a	n/a	n/a	71.0	n/a	n/a	n/a	1181.89017625	n/a	1.6446573549765162	2	2	2	SB_2_frameA_foil.png	1	6	1185.6043275	0	7	n/a	n/a	intervals/recognition_table	6	1182.412407	1183.959670
1182.412407	0.000000	236482	ttl	1	71	n/a	n/a	n/a	n/a	n/a	n/a	n/a	n/a	n/a	n/a	n/a	n/a	n/a	n/a	n/a	n/a	n/a	n/a	n/a	n/a	n/a	1182.412407	n/a
1183.959670	0.000000	236792	ttl	2	71	n/a	n/a	n/a	n/a	n/a	n/a	n/a	n/a	n/a	n/a	n/a	n/a	n/a	n/a	n/a	n/a	n/a	n/a	n/a	n/a	n/a	1183.959670	n/a
1185.604327	0.000000	237121	ttl	4	71	n/a	n/a	n/a	n/a	n/a	n/a	n/a	n/a	n/a	n/a	n/a	n/a	n/a	n/a	n/a	n/a	n/a	n/a	n/a	n/a	n/a	1185.604327	n/a
1185.624345	0.000000	237125	ttl	11	71	n/a	n/a	n/a	n/a	n/a	n/a	n/a	n/a	n/a	n/a	n/a	n/a	n/a	n/a	n/a	n/a	n/a	n/a	n/a	n/a	n/a	1185.624345	n/a
1186.126027	1.527188	237225	scene_recognition	n/a	n/a	n/a	71.0	n/a	n/a	n/a	1185.6243455	n/a	1.2889338032982778	2	3	2	HB_1_frameB.png	2	3	1188.94214875	1	8	n/a	n/a	intervals/recognition_table	7	1186.126027	1187.653215
1186.126027	0.000000	237225	ttl	1	71	n/a	n/a	n/a	n/a	n/a	n/a	n/a	n/a	n/a	n/a	n/a	n/a	n/a	n/a	n/a	n/a	n/a	n/a	n/a	n/a	n/a	1186.126027	n/a
1187.653215	0.000000	237531	ttl	2	71	n/a	n/a	n/a	n/a	n/a	n/a	n/a	n/a	n/a	n/a	n/a	n/a	n/a	n/a	n/a	n/a	n/a	n/a	n/a	n/a	n/a	1187.653215	n/a
1188.942149	0.000000	237788	ttl	4	71	n/a	n/a	n/a	n/a	n/a	n/a	n/a	n/a	n/a	n/a	n/a	n/a	n/a	n/a	n/a	n/a	n/a	n/a	n/a	n/a	n/a	1188.942149	n/a
1188.960905	0.000000	237792	ttl	11	71	n/a	n/a	n/a	n/a	n/a	n/a	n/a	n/a	n/a	n/a	n/a	n/a	n/a	n/a	n/a	n/a	n/a	n/a	n/a	n/a	n/a	1188.960905	n/a
1189.522871	1.527356	237905	scene_recognition	n/a	n/a	n/a	71.0	n/a	n/a	n/a	1188.96090475	n/a	2.4013130004314007	2	3	2	HB_1_frameB.png	2	3	1193.45154	1	9	n/a	n/a	intervals/recognition_table	8	1189.522871	1191.050227
1189.522871	0.000000	237905	ttl	1	71	n/a	n/a	n/a	n/a	n/a	n/a	n/a	n/a	n/a	n/a	n/a	n/a	n/a	n/a	n/a	n/a	n/a	n/a	n/a	n/a	n/a	1189.522871	n/a
1191.050227	0.000000	238210	ttl	2	71	n/a	n/a	n/a	n/a	n/a	n/a	n/a	n/a	n/a	n/a	n/a	n/a	n/a	n/a	n/a	n/a	n/a	n/a	n/a	n/a	n/a	1191.050227	n/a
1193.451540	0.000000	238690	ttl	4	71	n/a	n/a	n/a	n/a	n/a	n/a	n/a	n/a	n/a	n/a	n/a	n/a	n/a	n/a	n/a	n/a	n/a	n/a	n/a	n/a	n/a	1193.451540	n/a
1193.457631	0.000000	238692	ttl	11	71	n/a	n/a	n/a	n/a	n/a	n/a	n/a	n/a	n/a	n/a	n/a	n/a	n/a	n/a	n/a	n/a	n/a	n/a	n/a	n/a	n/a	1193.457631	n/a
1193.979378	1.527319	238796	scene_recognition	n/a	n/a	n/a	71.0	n/a	n/a	n/a	1193.4576305	n/a	1.4736502573650796	2	2	2	SB_1_frameB.png	2	3	1196.9803465	1	10	n/a	n/a	intervals/recognition_table	9	1193.979378	1195.506696
1193.979378	0.000000	238796	ttl	1	71	n/a	n/a	n/a	n/a	n/a	n/a	n/a	n/a	n/a	n/a	n/a	n/a	n/a	n/a	n/a	n/a	n/a	n/a	n/a	n/a	n/a	1193.979378	n/a
1195.506696	0.000000	239101	ttl	2	71	n/a	n/a	n/a	n/a	n/a	n/a	n/a	n/a	n/a	n/a	n/a	n/a	n/a	n/a	n/a	n/a	n/a	n/a	n/a	n/a	n/a	1195.506696	n/a
1196.980346	0.000000	239396	ttl	4	71	n/a	n/a	n/a	n/a	n/a	n/a	n/a	n/a	n/a	n/a	n/a	n/a	n/a	n/a	n/a	n/a	n/a	n/a	n/a	n/a	n/a	1196.980346	n/a
1196.994213	0.000000	239399	ttl	11	71	n/a	n/a	n/a	n/a	n/a	n/a	n/a	n/a	n/a	n/a	n/a	n/a	n/a	n/a	n/a	n/a	n/a	n/a	n/a	n/a	n/a	1196.994213	n/a
1197.576164	1.527592	239515	scene_recognition	n/a	n/a	n/a	71.0	n/a	n/a	n/a	1196.99421325	n/a	0.6067703918233747	2	3	2	HB_1_frameB_foil.png	1	6	1199.7105265	0	11	n/a	n/a	intervals/recognition_table	10	1197.576164	1199.103756
1197.576164	0.000000	239515	ttl	1	71	n/a	n/a	n/a	n/a	n/a	n/a	n/a	n/a	n/a	n/a	n/a	n/a	n/a	n/a	n/a	n/a	n/a	n/a	n/a	n/a	n/a	1197.576164	n/a
1199.103756	0.000000	239821	ttl	2	71	n/a	n/a	n/a	n/a	n/a	n/a	n/a	n/a	n/a	n/a	n/a	n/a	n/a	n/a	n/a	n/a	n/a	n/a	n/a	n/a	n/a	1199.103756	n/a
1199.710527	0.000000	239942	ttl	4	71	n/a	n/a	n/a	n/a	n/a	n/a	n/a	n/a	n/a	n/a	n/a	n/a	n/a	n/a	n/a	n/a	n/a	n/a	n/a	n/a	n/a	1199.710527	n/a
1199.716563	0.000000	239943	ttl	11	71	n/a	n/a	n/a	n/a	n/a	n/a	n/a	n/a	n/a	n/a	n/a	n/a	n/a	n/a	n/a	n/a	n/a	n/a	n/a	n/a	n/a	1199.716563	n/a
1200.258394	1.547249	240052	scene_recognition	n/a	n/a	n/a	71.0	n/a	n/a	n/a	1199.7165625	n/a	3.0544065483263694	2	1	2	NB_19_frameA_foil.png	1	6	1204.8600494999998	0	12	n/a	n/a	intervals/recognition_table	11	1200.258394	1201.805643
1200.258394	0.000000	240052	ttl	1	71	n/a	n/a	n/a	n/a	n/a	n/a	n/a	n/a	n/a	n/a	n/a	n/a	n/a	n/a	n/a	n/a	n/a	n/a	n/a	n/a	n/a	1200.258394	n/a
1201.805643	0.000000	240361	ttl	2	71	n/a	n/a	n/a	n/a	n/a	n/a	n/a	n/a	n/a	n/a	n/a	n/a	n/a	n/a	n/a	n/a	n/a	n/a	n/a	n/a	n/a	1201.805643	n/a
1204.860049	0.000000	240972	ttl	4	71	n/a	n/a	n/a	n/a	n/a	n/a	n/a	n/a	n/a	n/a	n/a	n/a	n/a	n/a	n/a	n/a	n/a	n/a	n/a	n/a	n/a	1204.860049	n/a
1204.876635	0.000000	240975	ttl	11	71	n/a	n/a	n/a	n/a	n/a	n/a	n/a	n/a	n/a	n/a	n/a	n/a	n/a	n/a	n/a	n/a	n/a	n/a	n/a	n/a	n/a	1204.876635	n/a
1205.478607	1.527450	241096	scene_recognition	n/a	n/a	n/a	71.0	n/a	n/a	n/a	1204.87663525	n/a	1.946357832479407	2	2	2	SB_4_frameB_foil.png	1	6	1208.95241525	0	13	n/a	n/a	intervals/recognition_table	12	1205.478607	1207.006057
1205.478607	0.000000	241096	ttl	1	71	n/a	n/a	n/a	n/a	n/a	n/a	n/a	n/a	n/a	n/a	n/a	n/a	n/a	n/a	n/a	n/a	n/a	n/a	n/a	n/a	n/a	1205.478607	n/a
1207.006057	0.000000	241401	ttl	2	71	n/a	n/a	n/a	n/a	n/a	n/a	n/a	n/a	n/a	n/a	n/a	n/a	n/a	n/a	n/a	n/a	n/a	n/a	n/a	n/a	n/a	1207.006057	n/a
1208.952415	0.000000	241790	ttl	4	71	n/a	n/a	n/a	n/a	n/a	n/a	n/a	n/a	n/a	n/a	n/a	n/a	n/a	n/a	n/a	n/a	n/a	n/a	n/a	n/a	n/a	1208.952415	n/a
1208.964436	0.000000	241793	ttl	11	71	n/a	n/a	n/a	n/a	n/a	n/a	n/a	n/a	n/a	n/a	n/a	n/a	n/a	n/a	n/a	n/a	n/a	n/a	n/a	n/a	n/a	1208.964436	n/a
1209.466046	1.527312	241893	scene_recognition	n/a	n/a	n/a	71.0	n/a	n/a	n/a	1208.964436	n/a	2.299677312548738	2	3	2	HB_1_frameA.png	2	3	1213.29303575	1	14	n/a	n/a	intervals/recognition_table	13	1209.466046	1210.993358
1209.466046	0.000000	241893	ttl	1	71	n/a	n/a	n/a	n/a	n/a	n/a	n/a	n/a	n/a	n/a	n/a	n/a	n/a	n/a	n/a	n/a	n/a	n/a	n/a	n/a	n/a	1209.466046	n/a
1210.993358	0.000000	242199	ttl	2	71	n/a	n/a	n/a	n/a	n/a	n/a	n/a	n/a	n/a	n/a	n/a	n/a	n/a	n/a	n/a	n/a	n/a	n/a	n/a	n/a	n/a	1210.993358	n/a
1213.293036	0.000000	242659	ttl	4	71	n/a	n/a	n/a	n/a	n/a	n/a	n/a	n/a	n/a	n/a	n/a	n/a	n/a	n/a	n/a	n/a	n/a	n/a	n/a	n/a	n/a	1213.293036	n/a
1213.316396	0.000000	242663	ttl	11	71	n/a	n/a	n/a	n/a	n/a	n/a	n/a	n/a	n/a	n/a	n/a	n/a	n/a	n/a	n/a	n/a	n/a	n/a	n/a	n/a	n/a	1213.316396	n/a
1213.838071	1.527276	242768	scene_recognition	n/a	n/a	n/a	71.0	n/a	n/a	n/a	1213.31639625	n/a	0.8881509871862363	2	1	2	NB_11_frameA_foil.png	1	6	1216.253498	0	15	n/a	n/a	intervals/recognition_table	14	1213.838071	1215.365347
1213.838071	0.000000	242768	ttl	1	71	n/a	n/a	n/a	n/a	n/a	n/a	n/a	n/a	n/a	n/a	n/a	n/a	n/a	n/a	n/a	n/a	n/a	n/a	n/a	n/a	n/a	1213.838071	n/a
1215.365347	0.000000	243073	ttl	2	71	n/a	n/a	n/a	n/a	n/a	n/a	n/a	n/a	n/a	n/a	n/a	n/a	n/a	n/a	n/a	n/a	n/a	n/a	n/a	n/a	n/a	1215.365347	n/a
1216.253498	0.000000	243251	ttl	4	71	n/a	n/a	n/a	n/a	n/a	n/a	n/a	n/a	n/a	n/a	n/a	n/a	n/a	n/a	n/a	n/a	n/a	n/a	n/a	n/a	n/a	1216.253498	n/a
1216.264873	0.000000	243253	ttl	11	71	n/a	n/a	n/a	n/a	n/a	n/a	n/a	n/a	n/a	n/a	n/a	n/a	n/a	n/a	n/a	n/a	n/a	n/a	n/a	n/a	n/a	1216.264873	n/a
1216.786714	1.527885	243357	scene_recognition	n/a	n/a	n/a	71.0	n/a	n/a	n/a	1216.26487275	n/a	0.2082417845085729	2	3	2	HB_3_frameA.png	2	3	1218.52284025	1	16	n/a	n/a	intervals/recognition_table	15	1216.786714	1218.314598
1216.786714	0.000000	243357	ttl	1	71	n/a	n/a	n/a	n/a	n/a	n/a	n/a	n/a	n/a	n/a	n/a	n/a	n/a	n/a	n/a	n/a	n/a	n/a	n/a	n/a	n/a	1216.786714	n/a
1218.314598	0.000000	243663	ttl	2	71	n/a	n/a	n/a	n/a	n/a	n/a	n/a	n/a	n/a	n/a	n/a	n/a	n/a	n/a	n/a	n/a	n/a	n/a	n/a	n/a	n/a	1218.314598	n/a
1218.522840	0.000000	243705	ttl	4	71	n/a	n/a	n/a	n/a	n/a	n/a	n/a	n/a	n/a	n/a	n/a	n/a	n/a	n/a	n/a	n/a	n/a	n/a	n/a	n/a	n/a	1218.522840	n/a
1218.542149	0.000000	243708	ttl	11	71	n/a	n/a	n/a	n/a	n/a	n/a	n/a	n/a	n/a	n/a	n/a	n/a	n/a	n/a	n/a	n/a	n/a	n/a	n/a	n/a	n/a	1218.542149	n/a
1219.104038	1.527231	243821	scene_recognition	n/a	n/a	n/a	71.0	n/a	n/a	n/a	1218.54214925	n/a	1.5040158988413168	2	3	2	HB_4_frameB.png	2	3	1222.1352849999998	1	17	n/a	n/a	intervals/recognition_table	16	1219.104038	1220.631269
1219.104038	0.000000	243821	ttl	1	71	n/a	n/a	n/a	n/a	n/a	n/a	n/a	n/a	n/a	n/a	n/a	n/a	n/a	n/a	n/a	n/a	n/a	n/a	n/a	n/a	n/a	1219.104038	n/a
1220.631269	0.000000	244126	ttl	2	71	n/a	n/a	n/a	n/a	n/a	n/a	n/a	n/a	n/a	n/a	n/a	n/a	n/a	n/a	n/a	n/a	n/a	n/a	n/a	n/a	n/a	1220.631269	n/a
1222.135285	0.000000	244427	ttl	4	71	n/a	n/a	n/a	n/a	n/a	n/a	n/a	n/a	n/a	n/a	n/a	n/a	n/a	n/a	n/a	n/a	n/a	n/a	n/a	n/a	n/a	1222.135285	n/a
1222.143138	0.000000	244429	ttl	11	71	n/a	n/a	n/a	n/a	n/a	n/a	n/a	n/a	n/a	n/a	n/a	n/a	n/a	n/a	n/a	n/a	n/a	n/a	n/a	n/a	n/a	1222.143138	n/a
1222.745131	1.547188	244549	scene_recognition	n/a	n/a	n/a	71.0	n/a	n/a	n/a	1222.14313775	n/a	0.6626241920312168	2	1	2	NB_29_frameA_foil.png	1	6	1224.9549427499999	0	18	n/a	n/a	intervals/recognition_table	17	1222.745131	1224.292318
1222.745131	0.000000	244549	ttl	1	71	n/a	n/a	n/a	n/a	n/a	n/a	n/a	n/a	n/a	n/a	n/a	n/a	n/a	n/a	n/a	n/a	n/a	n/a	n/a	n/a	n/a	1222.745131	n/a
1224.292318	0.000000	244858	ttl	2	71	n/a	n/a	n/a	n/a	n/a	n/a	n/a	n/a	n/a	n/a	n/a	n/a	n/a	n/a	n/a	n/a	n/a	n/a	n/a	n/a	n/a	1224.292318	n/a
1224.954943	0.000000	244991	ttl	4	71	n/a	n/a	n/a	n/a	n/a	n/a	n/a	n/a	n/a	n/a	n/a	n/a	n/a	n/a	n/a	n/a	n/a	n/a	n/a	n/a	n/a	1224.954943	n/a
1224.976279	0.000000	244995	ttl	11	71	n/a	n/a	n/a	n/a	n/a	n/a	n/a	n/a	n/a	n/a	n/a	n/a	n/a	n/a	n/a	n/a	n/a	n/a	n/a	n/a	n/a	1224.976279	n/a
1225.558437	1.547379	245112	scene_recognition	n/a	n/a	n/a	71.0	n/a	n/a	n/a	1224.9762785	n/a	3.1301149738574168	2	3	2	HB_9_frameB.png	2	3	1230.23593125	1	19	n/a	n/a	intervals/recognition_table	18	1225.558437	1227.105816
1225.558437	0.000000	245112	ttl	1	71	n/a	n/a	n/a	n/a	n/a	n/a	n/a	n/a	n/a	n/a	n/a	n/a	n/a	n/a	n/a	n/a	n/a	n/a	n/a	n/a	n/a	1225.558437	n/a
1227.105816	0.000000	245421	ttl	2	71	n/a	n/a	n/a	n/a	n/a	n/a	n/a	n/a	n/a	n/a	n/a	n/a	n/a	n/a	n/a	n/a	n/a	n/a	n/a	n/a	n/a	1227.105816	n/a
1230.235931	0.000000	246047	ttl	4	71	n/a	n/a	n/a	n/a	n/a	n/a	n/a	n/a	n/a	n/a	n/a	n/a	n/a	n/a	n/a	n/a	n/a	n/a	n/a	n/a	n/a	1230.235931	n/a
1230.251595	0.000000	246050	ttl	11	71	n/a	n/a	n/a	n/a	n/a	n/a	n/a	n/a	n/a	n/a	n/a	n/a	n/a	n/a	n/a	n/a	n/a	n/a	n/a	n/a	n/a	1230.251595	n/a
1230.773488	1.527924	246155	scene_recognition	n/a	n/a	n/a	71.0	n/a	n/a	n/a	1230.2515955	n/a	1.8188872845639708	2	3	2	HB_1_frameA.png	2	3	1234.120299	1	20	n/a	n/a	intervals/recognition_table	19	1230.773488	1232.301412
1230.773488	0.000000	246155	ttl	1	71	n/a	n/a	n/a	n/a	n/a	n/a	n/a	n/a	n/a	n/a	n/a	n/a	n/a	n/a	n/a	n/a	n/a	n/a	n/a	n/a	n/a	1230.773488	n/a
1232.301412	0.000000	246460	ttl	2	71	n/a	n/a	n/a	n/a	n/a	n/a	n/a	n/a	n/a	n/a	n/a	n/a	n/a	n/a	n/a	n/a	n/a	n/a	n/a	n/a	n/a	1232.301412	n/a
1234.120299	0.000000	246824	ttl	4	71	n/a	n/a	n/a	n/a	n/a	n/a	n/a	n/a	n/a	n/a	n/a	n/a	n/a	n/a	n/a	n/a	n/a	n/a	n/a	n/a	n/a	1234.120299	n/a
1234.133915	0.000000	246827	ttl	11	71	n/a	n/a	n/a	n/a	n/a	n/a	n/a	n/a	n/a	n/a	n/a	n/a	n/a	n/a	n/a	n/a	n/a	n/a	n/a	n/a	n/a	1234.133915	n/a
1234.675751	1.547894	246935	scene_recognition	n/a	n/a	n/a	71.0	n/a	n/a	n/a	1234.13391475	n/a	1.6037989773321897	2	1	2	NB_15_frameA_foil.png	1	6	1237.827444	0	21	n/a	n/a	intervals/recognition_table	20	1234.675751	1236.223645
1234.675751	0.000000	246935	ttl	1	71	n/a	n/a	n/a	n/a	n/a	n/a	n/a	n/a	n/a	n/a	n/a	n/a	n/a	n/a	n/a	n/a	n/a	n/a	n/a	n/a	n/a	1234.675751	n/a
1236.223645	0.000000	247245	ttl	2	71	n/a	n/a	n/a	n/a	n/a	n/a	n/a	n/a	n/a	n/a	n/a	n/a	n/a	n/a	n/a	n/a	n/a	n/a	n/a	n/a	n/a	1236.223645	n/a
1237.827444	0.000000	247565	ttl	4	71	n/a	n/a	n/a	n/a	n/a	n/a	n/a	n/a	n/a	n/a	n/a	n/a	n/a	n/a	n/a	n/a	n/a	n/a	n/a	n/a	n/a	1237.827444	n/a
1237.847834	0.000000	247570	ttl	11	71	n/a	n/a	n/a	n/a	n/a	n/a	n/a	n/a	n/a	n/a	n/a	n/a	n/a	n/a	n/a	n/a	n/a	n/a	n/a	n/a	n/a	1237.847834	n/a
1238.369653	1.527327	247674	scene_recognition	n/a	n/a	n/a	71.0	n/a	n/a	n/a	1237.8478337499998	n/a	1.1487050019204617	2	2	2	SB_2_frameA.png	2	3	1241.0456855	1	22	n/a	n/a	intervals/recognition_table	21	1238.369653	1239.896980
1238.369653	0.000000	247674	ttl	1	71	n/a	n/a	n/a	n/a	n/a	n/a	n/a	n/a	n/a	n/a	n/a	n/a	n/a	n/a	n/a	n/a	n/a	n/a	n/a	n/a	n/a	1238.369653	n/a
1239.896980	0.000000	247979	ttl	2	71	n/a	n/a	n/a	n/a	n/a	n/a	n/a	n/a	n/a	n/a	n/a	n/a	n/a	n/a	n/a	n/a	n/a	n/a	n/a	n/a	n/a	1239.896980	n/a
1241.045685	0.000000	248209	ttl	4	71	n/a	n/a	n/a	n/a	n/a	n/a	n/a	n/a	n/a	n/a	n/a	n/a	n/a	n/a	n/a	n/a	n/a	n/a	n/a	n/a	n/a	1241.045685	n/a
1241.070762	0.000000	248214	ttl	11	71	n/a	n/a	n/a	n/a	n/a	n/a	n/a	n/a	n/a	n/a	n/a	n/a	n/a	n/a	n/a	n/a	n/a	n/a	n/a	n/a	n/a	1241.070762	n/a
1241.572448	1.527186	248314	scene_recognition	n/a	n/a	n/a	71.0	n/a	n/a	n/a	1241.07076175	n/a	1.7511359965719748	2	1	2	NB_8_frameA.png	2	3	1244.8507705	1	23	n/a	n/a	intervals/recognition_table	22	1241.572448	1243.099635
1241.572448	0.000000	248314	ttl	1	71	n/a	n/a	n/a	n/a	n/a	n/a	n/a	n/a	n/a	n/a	n/a	n/a	n/a	n/a	n/a	n/a	n/a	n/a	n/a	n/a	n/a	1241.572448	n/a
1243.099635	0.000000	248620	ttl	2	71	n/a	n/a	n/a	n/a	n/a	n/a	n/a	n/a	n/a	n/a	n/a	n/a	n/a	n/a	n/a	n/a	n/a	n/a	n/a	n/a	n/a	1243.099635	n/a
1244.850770	0.000000	248970	ttl	4	71	n/a	n/a	n/a	n/a	n/a	n/a	n/a	n/a	n/a	n/a	n/a	n/a	n/a	n/a	n/a	n/a	n/a	n/a	n/a	n/a	n/a	1244.850770	n/a
1244.868365	0.000000	248974	ttl	11	71	n/a	n/a	n/a	n/a	n/a	n/a	n/a	n/a	n/a	n/a	n/a	n/a	n/a	n/a	n/a	n/a	n/a	n/a	n/a	n/a	n/a	1244.868365	n/a
1245.410058	1.547289	249082	scene_recognition	n/a	n/a	n/a	71.0	n/a	n/a	n/a	1244.8683655	n/a	3.307655320299091	2	2	2	SB_5_frameA.png	2	3	1250.26500275	1	24	n/a	n/a	intervals/recognition_table	23	1245.410058	1246.957347
1245.410058	0.000000	249082	ttl	1	71	n/a	n/a	n/a	n/a	n/a	n/a	n/a	n/a	n/a	n/a	n/a	n/a	n/a	n/a	n/a	n/a	n/a	n/a	n/a	n/a	n/a	1245.410058	n/a
1246.957347	0.000000	249391	ttl	2	71	n/a	n/a	n/a	n/a	n/a	n/a	n/a	n/a	n/a	n/a	n/a	n/a	n/a	n/a	n/a	n/a	n/a	n/a	n/a	n/a	n/a	1246.957347	n/a
1250.265003	0.000000	250053	ttl	4	71	n/a	n/a	n/a	n/a	n/a	n/a	n/a	n/a	n/a	n/a	n/a	n/a	n/a	n/a	n/a	n/a	n/a	n/a	n/a	n/a	n/a	1250.265003	n/a
1250.289868	0.000000	250058	ttl	11	71	n/a	n/a	n/a	n/a	n/a	n/a	n/a	n/a	n/a	n/a	n/a	n/a	n/a	n/a	n/a	n/a	n/a	n/a	n/a	n/a	n/a	1250.289868	n/a
1250.851751	1.527204	250170	scene_recognition	n/a	n/a	n/a	71.0	n/a	n/a	n/a	1250.28986775	n/a	2.805335491342703	2	3	2	HB_5_frameA.png	2	3	1255.1842904999999	1	25	n/a	n/a	intervals/recognition_table	24	1250.851751	1252.378955
1250.851751	0.000000	250170	ttl	1	71	n/a	n/a	n/a	n/a	n/a	n/a	n/a	n/a	n/a	n/a	n/a	n/a	n/a	n/a	n/a	n/a	n/a	n/a	n/a	n/a	n/a	1250.851751	n/a
1252.378955	0.000000	250476	ttl	2	71	n/a	n/a	n/a	n/a	n/a	n/a	n/a	n/a	n/a	n/a	n/a	n/a	n/a	n/a	n/a	n/a	n/a	n/a	n/a	n/a	n/a	1252.378955	n/a
1255.184290	0.000000	251037	ttl	4	71	n/a	n/a	n/a	n/a	n/a	n/a	n/a	n/a	n/a	n/a	n/a	n/a	n/a	n/a	n/a	n/a	n/a	n/a	n/a	n/a	n/a	1255.184290	n/a
1255.204529	0.000000	251041	ttl	11	71	n/a	n/a	n/a	n/a	n/a	n/a	n/a	n/a	n/a	n/a	n/a	n/a	n/a	n/a	n/a	n/a	n/a	n/a	n/a	n/a	n/a	1255.204529	n/a
1255.786307	1.548170	251157	scene_recognition	n/a	n/a	n/a	71.0	n/a	n/a	n/a	1255.20452875	n/a	1.9437144711700967	2	1	2	NB_16_frameA.png	2	3	1259.2781915	1	26	n/a	n/a	intervals/recognition_table	25	1255.786307	1257.334477
1255.786307	0.000000	251157	ttl	1	71	n/a	n/a	n/a	n/a	n/a	n/a	n/a	n/a	n/a	n/a	n/a	n/a	n/a	n/a	n/a	n/a	n/a	n/a	n/a	n/a	n/a	1255.786307	n/a
1257.334477	0.000000	251467	ttl	2	71	n/a	n/a	n/a	n/a	n/a	n/a	n/a	n/a	n/a	n/a	n/a	n/a	n/a	n/a	n/a	n/a	n/a	n/a	n/a	n/a	n/a	1257.334477	n/a
1259.278192	0.000000	251856	ttl	4	71	n/a	n/a	n/a	n/a	n/a	n/a	n/a	n/a	n/a	n/a	n/a	n/a	n/a	n/a	n/a	n/a	n/a	n/a	n/a	n/a	n/a	1259.278192	n/a
1259.285755	0.000000	251857	ttl	11	71	n/a	n/a	n/a	n/a	n/a	n/a	n/a	n/a	n/a	n/a	n/a	n/a	n/a	n/a	n/a	n/a	n/a	n/a	n/a	n/a	n/a	1259.285755	n/a
1259.887770	1.547786	251978	scene_recognition	n/a	n/a	n/a	71.0	n/a	n/a	n/a	1259.28575475	n/a	1.627450064974255	2	2	2	SB_3_frameA_foil.png	1	6	1263.0630065	0	27	n/a	n/a	intervals/recognition_table	26	1259.887770	1261.435556
1259.887770	0.000000	251978	ttl	1	71	n/a	n/a	n/a	n/a	n/a	n/a	n/a	n/a	n/a	n/a	n/a	n/a	n/a	n/a	n/a	n/a	n/a	n/a	n/a	n/a	n/a	1259.887770	n/a
1261.435556	0.000000	252287	ttl	2	71	n/a	n/a	n/a	n/a	n/a	n/a	n/a	n/a	n/a	n/a	n/a	n/a	n/a	n/a	n/a	n/a	n/a	n/a	n/a	n/a	n/a	1261.435556	n/a
1263.063007	0.000000	252613	ttl	4	71	n/a	n/a	n/a	n/a	n/a	n/a	n/a	n/a	n/a	n/a	n/a	n/a	n/a	n/a	n/a	n/a	n/a	n/a	n/a	n/a	n/a	1263.063007	n/a
1263.072353	0.000000	252614	ttl	11	71	n/a	n/a	n/a	n/a	n/a	n/a	n/a	n/a	n/a	n/a	n/a	n/a	n/a	n/a	n/a	n/a	n/a	n/a	n/a	n/a	n/a	1263.072353	n/a
1263.654298	1.547169	252731	scene_recognition	n/a	n/a	n/a	71.0	n/a	n/a	n/a	1263.07235275	n/a	1.177980682303314	2	1	2	NB_18_frameA.png	2	3	1266.3794475	1	28	n/a	n/a	intervals/recognition_table	27	1263.654298	1265.201467
1263.654298	0.000000	252731	ttl	1	71	n/a	n/a	n/a	n/a	n/a	n/a	n/a	n/a	n/a	n/a	n/a	n/a	n/a	n/a	n/a	n/a	n/a	n/a	n/a	n/a	n/a	1263.654298	n/a
1265.201467	0.000000	253040	ttl	2	71	n/a	n/a	n/a	n/a	n/a	n/a	n/a	n/a	n/a	n/a	n/a	n/a	n/a	n/a	n/a	n/a	n/a	n/a	n/a	n/a	n/a	1265.201467	n/a
1266.379447	0.000000	253276	ttl	4	71	n/a	n/a	n/a	n/a	n/a	n/a	n/a	n/a	n/a	n/a	n/a	n/a	n/a	n/a	n/a	n/a	n/a	n/a	n/a	n/a	n/a	1266.379447	n/a
1266.388815	0.000000	253278	ttl	11	71	n/a	n/a	n/a	n/a	n/a	n/a	n/a	n/a	n/a	n/a	n/a	n/a	n/a	n/a	n/a	n/a	n/a	n/a	n/a	n/a	n/a	1266.388815	n/a
1266.970761	1.547240	253394	scene_recognition	n/a	n/a	n/a	71.0	n/a	n/a	n/a	1266.3888155	n/a	1.368642977642594	2	1	2	NB_4_frameB_foil.png	1	6	1269.88664425	0	29	n/a	n/a	intervals/recognition_table	28	1266.970761	1268.518001
1266.970761	0.000000	253394	ttl	1	71	n/a	n/a	n/a	n/a	n/a	n/a	n/a	n/a	n/a	n/a	n/a	n/a	n/a	n/a	n/a	n/a	n/a	n/a	n/a	n/a	n/a	1266.970761	n/a
1268.518001	0.000000	253704	ttl	2	71	n/a	n/a	n/a	n/a	n/a	n/a	n/a	n/a	n/a	n/a	n/a	n/a	n/a	n/a	n/a	n/a	n/a	n/a	n/a	n/a	n/a	1268.518001	n/a
1269.886644	0.000000	253977	ttl	4	71	n/a	n/a	n/a	n/a	n/a	n/a	n/a	n/a	n/a	n/a	n/a	n/a	n/a	n/a	n/a	n/a	n/a	n/a	n/a	n/a	n/a	1269.886644	n/a
1269.904988	0.000000	253981	ttl	11	71	n/a	n/a	n/a	n/a	n/a	n/a	n/a	n/a	n/a	n/a	n/a	n/a	n/a	n/a	n/a	n/a	n/a	n/a	n/a	n/a	n/a	1269.904988	n/a
1270.486983	1.547901	254097	scene_recognition	n/a	n/a	n/a	71.0	n/a	n/a	n/a	1269.904988	n/a	1.4667502925440203	2	3	2	HB_4_frameA.png	2	3	1273.501634	1	30	n/a	n/a	intervals/recognition_table	29	1270.486983	1272.034884
1270.486983	0.000000	254097	ttl	1	71	n/a	n/a	n/a	n/a	n/a	n/a	n/a	n/a	n/a	n/a	n/a	n/a	n/a	n/a	n/a	n/a	n/a	n/a	n/a	n/a	n/a	1270.486983	n/a
1272.034884	0.000000	254407	ttl	2	71	n/a	n/a	n/a	n/a	n/a	n/a	n/a	n/a	n/a	n/a	n/a	n/a	n/a	n/a	n/a	n/a	n/a	n/a	n/a	n/a	n/a	1272.034884	n/a
1273.501634	0.000000	254700	ttl	4	71	n/a	n/a	n/a	n/a	n/a	n/a	n/a	n/a	n/a	n/a	n/a	n/a	n/a	n/a	n/a	n/a	n/a	n/a	n/a	n/a	n/a	1273.501634	n/a
1273.526475	0.000000	254705	ttl	11	71	n/a	n/a	n/a	n/a	n/a	n/a	n/a	n/a	n/a	n/a	n/a	n/a	n/a	n/a	n/a	n/a	n/a	n/a	n/a	n/a	n/a	1273.526475	n/a
1274.128508	1.527398	254826	scene_recognition	n/a	n/a	n/a	71.0	n/a	n/a	n/a	1273.5264754999998	n/a	2.21663710125722	2	2	2	SB_1_frameA_foil.png	1	6	1277.87254225	0	31	n/a	n/a	intervals/recognition_table	30	1274.128508	1275.655905
1274.128508	0.000000	254826	ttl	1	71	n/a	n/a	n/a	n/a	n/a	n/a	n/a	n/a	n/a	n/a	n/a	n/a	n/a	n/a	n/a	n/a	n/a	n/a	n/a	n/a	n/a	1274.128508	n/a
1275.655905	0.000000	255131	ttl	2	71	n/a	n/a	n/a	n/a	n/a	n/a	n/a	n/a	n/a	n/a	n/a	n/a	n/a	n/a	n/a	n/a	n/a	n/a	n/a	n/a	n/a	1275.655905	n/a
1277.872542	0.000000	255575	ttl	4	71	n/a	n/a	n/a	n/a	n/a	n/a	n/a	n/a	n/a	n/a	n/a	n/a	n/a	n/a	n/a	n/a	n/a	n/a	n/a	n/a	n/a	1277.872542	n/a
1277.888893	0.000000	255578	ttl	11	71	n/a	n/a	n/a	n/a	n/a	n/a	n/a	n/a	n/a	n/a	n/a	n/a	n/a	n/a	n/a	n/a	n/a	n/a	n/a	n/a	n/a	1277.888893	n/a
1278.450770	1.547299	255690	scene_recognition	n/a	n/a	n/a	71.0	n/a	n/a	n/a	1277.888893	n/a	1.297390747742611	2	1	2	NB_14_frameB_foil.png	1	6	1281.29545925	0	32	n/a	n/a	intervals/recognition_table	31	1278.450770	1279.998069
1278.450770	0.000000	255690	ttl	1	71	n/a	n/a	n/a	n/a	n/a	n/a	n/a	n/a	n/a	n/a	n/a	n/a	n/a	n/a	n/a	n/a	n/a	n/a	n/a	n/a	n/a	1278.450770	n/a
1279.998069	0.000000	256000	ttl	2	71	n/a	n/a	n/a	n/a	n/a	n/a	n/a	n/a	n/a	n/a	n/a	n/a	n/a	n/a	n/a	n/a	n/a	n/a	n/a	n/a	n/a	1279.998069	n/a
1281.295459	0.000000	256259	ttl	4	71	n/a	n/a	n/a	n/a	n/a	n/a	n/a	n/a	n/a	n/a	n/a	n/a	n/a	n/a	n/a	n/a	n/a	n/a	n/a	n/a	n/a	1281.295459	n/a
1281.313736	0.000000	256263	ttl	11	71	n/a	n/a	n/a	n/a	n/a	n/a	n/a	n/a	n/a	n/a	n/a	n/a	n/a	n/a	n/a	n/a	n/a	n/a	n/a	n/a	n/a	1281.313736	n/a
1281.835943	1.527094	256367	scene_recognition	n/a	n/a	n/a	71.0	n/a	n/a	n/a	1281.31373625	n/a	2.391690330056008	2	2	2	SB_6_frameB.png	2	3	1285.7547272499999	1	33	n/a	n/a	intervals/recognition_table	32	1281.835943	1283.363037
1281.835943	0.000000	256367	ttl	1	71	n/a	n/a	n/a	n/a	n/a	n/a	n/a	n/a	n/a	n/a	n/a	n/a	n/a	n/a	n/a	n/a	n/a	n/a	n/a	n/a	n/a	1281.835943	n/a
1283.363037	0.000000	256673	ttl	2	71	n/a	n/a	n/a	n/a	n/a	n/a	n/a	n/a	n/a	n/a	n/a	n/a	n/a	n/a	n/a	n/a	n/a	n/a	n/a	n/a	n/a	1283.363037	n/a
1285.754727	0.000000	257151	ttl	4	71	n/a	n/a	n/a	n/a	n/a	n/a	n/a	n/a	n/a	n/a	n/a	n/a	n/a	n/a	n/a	n/a	n/a	n/a	n/a	n/a	n/a	1285.754727	n/a
1285.773583	0.000000	257155	ttl	11	71	n/a	n/a	n/a	n/a	n/a	n/a	n/a	n/a	n/a	n/a	n/a	n/a	n/a	n/a	n/a	n/a	n/a	n/a	n/a	n/a	n/a	1285.773583	n/a
1286.335495	1.527218	257267	scene_recognition	n/a	n/a	n/a	71.0	n/a	n/a	n/a	1285.7735834999999	n/a	0.6159730143554043	2	3	2	HB_8_frameB.png	2	3	1288.4786864999999	1	34	n/a	n/a	intervals/recognition_table	33	1286.335495	1287.862713
1286.335495	0.000000	257267	ttl	1	71	n/a	n/a	n/a	n/a	n/a	n/a	n/a	n/a	n/a	n/a	n/a	n/a	n/a	n/a	n/a	n/a	n/a	n/a	n/a	n/a	n/a	1286.335495	n/a
1287.862713	0.000000	257573	ttl	2	71	n/a	n/a	n/a	n/a	n/a	n/a	n/a	n/a	n/a	n/a	n/a	n/a	n/a	n/a	n/a	n/a	n/a	n/a	n/a	n/a	n/a	1287.862713	n/a
1288.478686	0.000000	257696	ttl	4	71	n/a	n/a	n/a	n/a	n/a	n/a	n/a	n/a	n/a	n/a	n/a	n/a	n/a	n/a	n/a	n/a	n/a	n/a	n/a	n/a	n/a	1288.478686	n/a
1288.503124	0.000000	257701	ttl	11	71	n/a	n/a	n/a	n/a	n/a	n/a	n/a	n/a	n/a	n/a	n/a	n/a	n/a	n/a	n/a	n/a	n/a	n/a	n/a	n/a	n/a	1288.503124	n/a
1289.024770	1.527573	257805	scene_recognition	n/a	n/a	n/a	71.0	n/a	n/a	n/a	1288.50312425	n/a	0.21550142457999755	2	1	2	NB_22_frameB_foil.png	1	6	1290.76784425	0	35	n/a	n/a	intervals/recognition_table	34	1289.024770	1290.552343
1289.024770	0.000000	257805	ttl	1	71	n/a	n/a	n/a	n/a	n/a	n/a	n/a	n/a	n/a	n/a	n/a	n/a	n/a	n/a	n/a	n/a	n/a	n/a	n/a	n/a	n/a	1289.024770	n/a
1290.552343	0.000000	258110	ttl	2	71	n/a	n/a	n/a	n/a	n/a	n/a	n/a	n/a	n/a	n/a	n/a	n/a	n/a	n/a	n/a	n/a	n/a	n/a	n/a	n/a	n/a	1290.552343	n/a
1290.767844	0.000000	258154	ttl	4	71	n/a	n/a	n/a	n/a	n/a	n/a	n/a	n/a	n/a	n/a	n/a	n/a	n/a	n/a	n/a	n/a	n/a	n/a	n/a	n/a	n/a	1290.767844	n/a
1290.774867	0.000000	258155	ttl	11	71	n/a	n/a	n/a	n/a	n/a	n/a	n/a	n/a	n/a	n/a	n/a	n/a	n/a	n/a	n/a	n/a	n/a	n/a	n/a	n/a	n/a	1290.774867	n/a
1291.296445	1.548091	258259	scene_recognition	n/a	n/a	n/a	71.0	n/a	n/a	n/a	1290.77486725	n/a	0.7678494485007832	2	2	2	SB_1_frameB_foil.png	1	6	1293.61238525	0	36	n/a	n/a	intervals/recognition_table	35	1291.296445	1292.844536
1291.296445	0.000000	258259	ttl	1	71	n/a	n/a	n/a	n/a	n/a	n/a	n/a	n/a	n/a	n/a	n/a	n/a	n/a	n/a	n/a	n/a	n/a	n/a	n/a	n/a	n/a	1291.296445	n/a
1292.844536	0.000000	258569	ttl	2	71	n/a	n/a	n/a	n/a	n/a	n/a	n/a	n/a	n/a	n/a	n/a	n/a	n/a	n/a	n/a	n/a	n/a	n/a	n/a	n/a	n/a	1292.844536	n/a
1293.612385	0.000000	258722	ttl	4	71	n/a	n/a	n/a	n/a	n/a	n/a	n/a	n/a	n/a	n/a	n/a	n/a	n/a	n/a	n/a	n/a	n/a	n/a	n/a	n/a	n/a	1293.612385	n/a
1293.620782	0.000000	258724	ttl	11	71	n/a	n/a	n/a	n/a	n/a	n/a	n/a	n/a	n/a	n/a	n/a	n/a	n/a	n/a	n/a	n/a	n/a	n/a	n/a	n/a	n/a	1293.620782	n/a
1294.202718	1.547296	258841	scene_recognition	n/a	n/a	n/a	71.0	n/a	n/a	n/a	1293.62078225	n/a	2.77101290099381	2	2	2	SB_7_frameA.png	2	3	1298.52102675	1	37	n/a	n/a	intervals/recognition_table	36	1294.202718	1295.750014
1294.202718	0.000000	258841	ttl	1	71	n/a	n/a	n/a	n/a	n/a	n/a	n/a	n/a	n/a	n/a	n/a	n/a	n/a	n/a	n/a	n/a	n/a	n/a	n/a	n/a	n/a	1294.202718	n/a
1295.750014	0.000000	259150	ttl	2	71	n/a	n/a	n/a	n/a	n/a	n/a	n/a	n/a	n/a	n/a	n/a	n/a	n/a	n/a	n/a	n/a	n/a	n/a	n/a	n/a	n/a	1295.750014	n/a
1298.521027	0.000000	259704	ttl	4	71	n/a	n/a	n/a	n/a	n/a	n/a	n/a	n/a	n/a	n/a	n/a	n/a	n/a	n/a	n/a	n/a	n/a	n/a	n/a	n/a	n/a	1298.521027	n/a
1298.545186	0.000000	259709	ttl	11	71	n/a	n/a	n/a	n/a	n/a	n/a	n/a	n/a	n/a	n/a	n/a	n/a	n/a	n/a	n/a	n/a	n/a	n/a	n/a	n/a	n/a	1298.545186	n/a
1299.147065	1.547335	259829	scene_recognition	n/a	n/a	n/a	71.0	n/a	n/a	n/a	1298.5451859999998	n/a	0.9630550922738621	2	1	2	NB_17_frameA_foil.png	1	6	1301.6574552499999	0	38	n/a	n/a	intervals/recognition_table	37	1299.147065	1300.694400
1299.147065	0.000000	259829	ttl	1	71	n/a	n/a	n/a	n/a	n/a	n/a	n/a	n/a	n/a	n/a	n/a	n/a	n/a	n/a	n/a	n/a	n/a	n/a	n/a	n/a	n/a	1299.147065	n/a
1300.694400	0.000000	260139	ttl	2	71	n/a	n/a	n/a	n/a	n/a	n/a	n/a	n/a	n/a	n/a	n/a	n/a	n/a	n/a	n/a	n/a	n/a	n/a	n/a	n/a	n/a	1300.694400	n/a
1301.657455	0.000000	260331	ttl	4	71	n/a	n/a	n/a	n/a	n/a	n/a	n/a	n/a	n/a	n/a	n/a	n/a	n/a	n/a	n/a	n/a	n/a	n/a	n/a	n/a	n/a	1301.657455	n/a
1301.676053	0.000000	260335	ttl	11	71	n/a	n/a	n/a	n/a	n/a	n/a	n/a	n/a	n/a	n/a	n/a	n/a	n/a	n/a	n/a	n/a	n/a	n/a	n/a	n/a	n/a	1301.676053	n/a
1302.237956	1.527223	260448	scene_recognition	n/a	n/a	n/a	71.0	n/a	n/a	n/a	1301.67605275	n/a	2.365080967938411	2	2	2	SB_1_frameA_foil.png	1	6	1306.13026	0	39	n/a	n/a	intervals/recognition_table	38	1302.237956	1303.765179
1302.237956	0.000000	260448	ttl	1	71	n/a	n/a	n/a	n/a	n/a	n/a	n/a	n/a	n/a	n/a	n/a	n/a	n/a	n/a	n/a	n/a	n/a	n/a	n/a	n/a	n/a	1302.237956	n/a
1303.765179	0.000000	260753	ttl	2	71	n/a	n/a	n/a	n/a	n/a	n/a	n/a	n/a	n/a	n/a	n/a	n/a	n/a	n/a	n/a	n/a	n/a	n/a	n/a	n/a	n/a	1303.765179	n/a
1306.130260	0.000000	261226	ttl	4	71	n/a	n/a	n/a	n/a	n/a	n/a	n/a	n/a	n/a	n/a	n/a	n/a	n/a	n/a	n/a	n/a	n/a	n/a	n/a	n/a	n/a	1306.130260	n/a
1306.143160	0.000000	261229	ttl	11	71	n/a	n/a	n/a	n/a	n/a	n/a	n/a	n/a	n/a	n/a	n/a	n/a	n/a	n/a	n/a	n/a	n/a	n/a	n/a	n/a	n/a	1306.143160	n/a
1306.745152	1.527173	261349	scene_recognition	n/a	n/a	n/a	71.0	n/a	n/a	n/a	1306.14316025	n/a	0.9233072007045848	2	2	2	SB_8_frameB_foil.png	1	6	1309.195633	0	40	n/a	n/a	intervals/recognition_table	39	1306.745152	1308.272326
1306.745152	0.000000	261349	ttl	1	71	n/a	n/a	n/a	n/a	n/a	n/a	n/a	n/a	n/a	n/a	n/a	n/a	n/a	n/a	n/a	n/a	n/a	n/a	n/a	n/a	n/a	1306.745152	n/a
1308.272326	0.000000	261654	ttl	2	71	n/a	n/a	n/a	n/a	n/a	n/a	n/a	n/a	n/a	n/a	n/a	n/a	n/a	n/a	n/a	n/a	n/a	n/a	n/a	n/a	n/a	1308.272326	n/a
1309.195633	0.000000	261839	ttl	4	71	n/a	n/a	n/a	n/a	n/a	n/a	n/a	n/a	n/a	n/a	n/a	n/a	n/a	n/a	n/a	n/a	n/a	n/a	n/a	n/a	n/a	1309.195633	n/a
1309.216203	0.000000	261843	ttl	11	71	n/a	n/a	n/a	n/a	n/a	n/a	n/a	n/a	n/a	n/a	n/a	n/a	n/a	n/a	n/a	n/a	n/a	n/a	n/a	n/a	n/a	1309.216203	n/a
1309.798163	1.547241	261960	scene_recognition	n/a	n/a	n/a	71.0	n/a	n/a	n/a	1309.2162035	n/a	1.8076107658125693	2	2	2	SB_9_frameA.png	2	3	1313.15301525	1	41	n/a	n/a	intervals/recognition_table	40	1309.798163	1311.345404
1309.798163	0.000000	261960	ttl	1	71	n/a	n/a	n/a	n/a	n/a	n/a	n/a	n/a	n/a	n/a	n/a	n/a	n/a	n/a	n/a	n/a	n/a	n/a	n/a	n/a	n/a	1309.798163	n/a
1311.345404	0.000000	262269	ttl	2	71	n/a	n/a	n/a	n/a	n/a	n/a	n/a	n/a	n/a	n/a	n/a	n/a	n/a	n/a	n/a	n/a	n/a	n/a	n/a	n/a	n/a	1311.345404	n/a
1313.153015	0.000000	262631	ttl	4	71	n/a	n/a	n/a	n/a	n/a	n/a	n/a	n/a	n/a	n/a	n/a	n/a	n/a	n/a	n/a	n/a	n/a	n/a	n/a	n/a	n/a	1313.153015	n/a
1313.175362	0.000000	262635	ttl	11	71	n/a	n/a	n/a	n/a	n/a	n/a	n/a	n/a	n/a	n/a	n/a	n/a	n/a	n/a	n/a	n/a	n/a	n/a	n/a	n/a	n/a	1313.175362	n/a
1313.737248	1.547297	262747	scene_recognition	n/a	n/a	n/a	71.0	n/a	n/a	n/a	1313.1753617499999	n/a	1.9778139942063717	2	3	2	HB_4_frameB_foil.png	1	6	1317.2623585	0	42	n/a	n/a	intervals/recognition_table	41	1313.737248	1315.284545
1313.737248	0.000000	262747	ttl	1	71	n/a	n/a	n/a	n/a	n/a	n/a	n/a	n/a	n/a	n/a	n/a	n/a	n/a	n/a	n/a	n/a	n/a	n/a	n/a	n/a	n/a	1313.737248	n/a
1315.284545	0.000000	263057	ttl	2	71	n/a	n/a	n/a	n/a	n/a	n/a	n/a	n/a	n/a	n/a	n/a	n/a	n/a	n/a	n/a	n/a	n/a	n/a	n/a	n/a	n/a	1315.284545	n/a
1317.262358	0.000000	263452	ttl	4	71	n/a	n/a	n/a	n/a	n/a	n/a	n/a	n/a	n/a	n/a	n/a	n/a	n/a	n/a	n/a	n/a	n/a	n/a	n/a	n/a	n/a	1317.262358	n/a
1317.269097	0.000000	263454	ttl	11	71	n/a	n/a	n/a	n/a	n/a	n/a	n/a	n/a	n/a	n/a	n/a	n/a	n/a	n/a	n/a	n/a	n/a	n/a	n/a	n/a	n/a	1317.269097	n/a
1317.811093	1.547538	263562	scene_recognition	n/a	n/a	n/a	71.0	n/a	n/a	n/a	1317.26909725	n/a	1.5418062526878202	2	1	2	NB_1_frameA_foil.png	1	6	1320.90043775	0	43	n/a	n/a	intervals/recognition_table	42	1317.811093	1319.358632
1317.811093	0.000000	263562	ttl	1	71	n/a	n/a	n/a	n/a	n/a	n/a	n/a	n/a	n/a	n/a	n/a	n/a	n/a	n/a	n/a	n/a	n/a	n/a	n/a	n/a	n/a	1317.811093	n/a
1319.358632	0.000000	263872	ttl	2	71	n/a	n/a	n/a	n/a	n/a	n/a	n/a	n/a	n/a	n/a	n/a	n/a	n/a	n/a	n/a	n/a	n/a	n/a	n/a	n/a	n/a	1319.358632	n/a
1320.900438	0.000000	264180	ttl	4	71	n/a	n/a	n/a	n/a	n/a	n/a	n/a	n/a	n/a	n/a	n/a	n/a	n/a	n/a	n/a	n/a	n/a	n/a	n/a	n/a	n/a	1320.900438	n/a
1320.914742	0.000000	264183	ttl	11	71	n/a	n/a	n/a	n/a	n/a	n/a	n/a	n/a	n/a	n/a	n/a	n/a	n/a	n/a	n/a	n/a	n/a	n/a	n/a	n/a	n/a	1320.914742	n/a
1321.436452	1.527783	264287	scene_recognition	n/a	n/a	n/a	71.0	n/a	n/a	n/a	1320.9147417499998	n/a	1.2275571010395652	2	1	2	NB_3_frameA_foil.png	1	6	1324.1917925	0	44	n/a	n/a	intervals/recognition_table	43	1321.436452	1322.964235
1321.436452	0.000000	264287	ttl	1	71	n/a	n/a	n/a	n/a	n/a	n/a	n/a	n/a	n/a	n/a	n/a	n/a	n/a	n/a	n/a	n/a	n/a	n/a	n/a	n/a	n/a	1321.436452	n/a
1322.964235	0.000000	264593	ttl	2	71	n/a	n/a	n/a	n/a	n/a	n/a	n/a	n/a	n/a	n/a	n/a	n/a	n/a	n/a	n/a	n/a	n/a	n/a	n/a	n/a	n/a	1322.964235	n/a
1324.191793	0.000000	264838	ttl	4	71	n/a	n/a	n/a	n/a	n/a	n/a	n/a	n/a	n/a	n/a	n/a	n/a	n/a	n/a	n/a	n/a	n/a	n/a	n/a	n/a	n/a	1324.191793	n/a
1324.197207	0.000000	264839	ttl	11	71	n/a	n/a	n/a	n/a	n/a	n/a	n/a	n/a	n/a	n/a	n/a	n/a	n/a	n/a	n/a	n/a	n/a	n/a	n/a	n/a	n/a	1324.197207	n/a
1324.739112	1.527210	264948	scene_recognition	n/a	n/a	n/a	71.0	n/a	n/a	n/a	1324.1972067499999	n/a	1.453244559263112	2	3	2	HB_1_frameA_foil.png	1	6	1327.7195669999999	0	45	n/a	n/a	intervals/recognition_table	44	1324.739112	1326.266322
1324.739112	0.000000	264948	ttl	1	71	n/a	n/a	n/a	n/a	n/a	n/a	n/a	n/a	n/a	n/a	n/a	n/a	n/a	n/a	n/a	n/a	n/a	n/a	n/a	n/a	n/a	1324.739112	n/a
1326.266322	0.000000	265253	ttl	2	71	n/a	n/a	n/a	n/a	n/a	n/a	n/a	n/a	n/a	n/a	n/a	n/a	n/a	n/a	n/a	n/a	n/a	n/a	n/a	n/a	n/a	1326.266322	n/a
1327.719567	0.000000	265544	ttl	4	71	n/a	n/a	n/a	n/a	n/a	n/a	n/a	n/a	n/a	n/a	n/a	n/a	n/a	n/a	n/a	n/a	n/a	n/a	n/a	n/a	n/a	1327.719567	n/a
1327.734421	0.000000	265547	ttl	11	71	n/a	n/a	n/a	n/a	n/a	n/a	n/a	n/a	n/a	n/a	n/a	n/a	n/a	n/a	n/a	n/a	n/a	n/a	n/a	n/a	n/a	1327.734421	n/a
1328.256284	1.527208	265651	scene_recognition	n/a	n/a	n/a	71.0	n/a	n/a	n/a	1327.73442125	n/a	0.7837250594457146	2	2	2	SB_3_frameB.png	2	3	1330.5672164999999	1	46	n/a	n/a	intervals/recognition_table	45	1328.256284	1329.783491
1328.256284	0.000000	265651	ttl	1	71	n/a	n/a	n/a	n/a	n/a	n/a	n/a	n/a	n/a	n/a	n/a	n/a	n/a	n/a	n/a	n/a	n/a	n/a	n/a	n/a	n/a	1328.256284	n/a
1329.783491	0.000000	265957	ttl	2	71	n/a	n/a	n/a	n/a	n/a	n/a	n/a	n/a	n/a	n/a	n/a	n/a	n/a	n/a	n/a	n/a	n/a	n/a	n/a	n/a	n/a	1329.783491	n/a
1330.567216	0.000000	266113	ttl	4	71	n/a	n/a	n/a	n/a	n/a	n/a	n/a	n/a	n/a	n/a	n/a	n/a	n/a	n/a	n/a	n/a	n/a	n/a	n/a	n/a	n/a	1330.567216	n/a
1330.580021	0.000000	266116	ttl	11	71	n/a	n/a	n/a	n/a	n/a	n/a	n/a	n/a	n/a	n/a	n/a	n/a	n/a	n/a	n/a	n/a	n/a	n/a	n/a	n/a	n/a	1330.580021	n/a
1331.102295	1.527133	266220	scene_recognition	n/a	n/a	n/a	71.0	n/a	n/a	n/a	1330.580021	n/a	2.569408921612194	2	2	2	SB_6_frameA.png	2	3	1335.1988374999999	1	47	n/a	n/a	intervals/recognition_table	46	1331.102295	1332.629428
1331.102295	0.000000	266220	ttl	1	71	n/a	n/a	n/a	n/a	n/a	n/a	n/a	n/a	n/a	n/a	n/a	n/a	n/a	n/a	n/a	n/a	n/a	n/a	n/a	n/a	n/a	1331.102295	n/a
1332.629428	0.000000	266526	ttl	2	71	n/a	n/a	n/a	n/a	n/a	n/a	n/a	n/a	n/a	n/a	n/a	n/a	n/a	n/a	n/a	n/a	n/a	n/a	n/a	n/a	n/a	1332.629428	n/a
1335.198837	0.000000	267040	ttl	4	71	n/a	n/a	n/a	n/a	n/a	n/a	n/a	n/a	n/a	n/a	n/a	n/a	n/a	n/a	n/a	n/a	n/a	n/a	n/a	n/a	n/a	1335.198837	n/a
1335.205122	0.000000	267041	ttl	11	71	n/a	n/a	n/a	n/a	n/a	n/a	n/a	n/a	n/a	n/a	n/a	n/a	n/a	n/a	n/a	n/a	n/a	n/a	n/a	n/a	n/a	1335.205122	n/a
1335.727254	1.527245	267145	scene_recognition	n/a	n/a	n/a	71.0	n/a	n/a	n/a	1335.2051219999998	n/a	2.04574578764732	2	1	2	NB_1_frameB.png	2	3	1339.30024525	1	48	n/a	n/a	intervals/recognition_table	47	1335.727254	1337.254499
1335.727254	0.000000	267145	ttl	1	71	n/a	n/a	n/a	n/a	n/a	n/a	n/a	n/a	n/a	n/a	n/a	n/a	n/a	n/a	n/a	n/a	n/a	n/a	n/a	n/a	n/a	1335.727254	n/a
1337.254499	0.000000	267451	ttl	2	71	n/a	n/a	n/a	n/a	n/a	n/a	n/a	n/a	n/a	n/a	n/a	n/a	n/a	n/a	n/a	n/a	n/a	n/a	n/a	n/a	n/a	1337.254499	n/a
1339.300245	0.000000	267860	ttl	4	71	n/a	n/a	n/a	n/a	n/a	n/a	n/a	n/a	n/a	n/a	n/a	n/a	n/a	n/a	n/a	n/a	n/a	n/a	n/a	n/a	n/a	1339.300245	n/a
1339.319458	0.000000	267864	ttl	11	71	n/a	n/a	n/a	n/a	n/a	n/a	n/a	n/a	n/a	n/a	n/a	n/a	n/a	n/a	n/a	n/a	n/a	n/a	n/a	n/a	n/a	1339.319458	n/a
1339.861326	1.527436	267972	scene_recognition	n/a	n/a	n/a	71.0	n/a	n/a	n/a	1339.3194584999999	n/a	3.821824543614639	2	3	2	HB_4_frameA_foil.png	1	6	1345.2105864999999	0	49	n/a	n/a	intervals/recognition_table	48	1339.861326	1341.388762
1339.861326	0.000000	267972	ttl	1	71	n/a	n/a	n/a	n/a	n/a	n/a	n/a	n/a	n/a	n/a	n/a	n/a	n/a	n/a	n/a	n/a	n/a	n/a	n/a	n/a	n/a	1339.861326	n/a
1341.388762	0.000000	268278	ttl	2	71	n/a	n/a	n/a	n/a	n/a	n/a	n/a	n/a	n/a	n/a	n/a	n/a	n/a	n/a	n/a	n/a	n/a	n/a	n/a	n/a	n/a	1341.388762	n/a
1345.210586	0.000000	269042	ttl	4	71	n/a	n/a	n/a	n/a	n/a	n/a	n/a	n/a	n/a	n/a	n/a	n/a	n/a	n/a	n/a	n/a	n/a	n/a	n/a	n/a	n/a	1345.210586	n/a
1345.234678	0.000000	269047	ttl	11	71	n/a	n/a	n/a	n/a	n/a	n/a	n/a	n/a	n/a	n/a	n/a	n/a	n/a	n/a	n/a	n/a	n/a	n/a	n/a	n/a	n/a	1345.234678	n/a
1345.816597	1.527543	269163	scene_recognition	n/a	n/a	n/a	71.0	n/a	n/a	n/a	1345.2346785	n/a	1.884185815404635	2	1	2	NB_13_frameA_foil.png	1	6	1349.228326	0	50	n/a	n/a	intervals/recognition_table	49	1345.816597	1347.344140
1345.816597	0.000000	269163	ttl	1	71	n/a	n/a	n/a	n/a	n/a	n/a	n/a	n/a	n/a	n/a	n/a	n/a	n/a	n/a	n/a	n/a	n/a	n/a	n/a	n/a	n/a	1345.816597	n/a
1347.344140	0.000000	269469	ttl	2	71	n/a	n/a	n/a	n/a	n/a	n/a	n/a	n/a	n/a	n/a	n/a	n/a	n/a	n/a	n/a	n/a	n/a	n/a	n/a	n/a	n/a	1347.344140	n/a
1349.228326	0.000000	269846	ttl	4	71	n/a	n/a	n/a	n/a	n/a	n/a	n/a	n/a	n/a	n/a	n/a	n/a	n/a	n/a	n/a	n/a	n/a	n/a	n/a	n/a	n/a	1349.228326	n/a
1349.252952	0.000000	269851	ttl	11	71	n/a	n/a	n/a	n/a	n/a	n/a	n/a	n/a	n/a	n/a	n/a	n/a	n/a	n/a	n/a	n/a	n/a	n/a	n/a	n/a	n/a	1349.252952	n/a
1349.814613	1.528039	269963	scene_recognition	n/a	n/a	n/a	71.0	n/a	n/a	n/a	1349.25295225	n/a	1.522863347970997	2	2	2	SB_5_frameB_foil.png	1	6	1352.865515	0	51	n/a	n/a	intervals/recognition_table	50	1349.814613	1351.342652
1349.814613	0.000000	269963	ttl	1	71	n/a	n/a	n/a	n/a	n/a	n/a	n/a	n/a	n/a	n/a	n/a	n/a	n/a	n/a	n/a	n/a	n/a	n/a	n/a	n/a	n/a	1349.814613	n/a
1351.342652	0.000000	270269	ttl	2	71	n/a	n/a	n/a	n/a	n/a	n/a	n/a	n/a	n/a	n/a	n/a	n/a	n/a	n/a	n/a	n/a	n/a	n/a	n/a	n/a	n/a	1351.342652	n/a
1352.865515	0.000000	270573	ttl	4	71	n/a	n/a	n/a	n/a	n/a	n/a	n/a	n/a	n/a	n/a	n/a	n/a	n/a	n/a	n/a	n/a	n/a	n/a	n/a	n/a	n/a	1352.865515	n/a
1352.872738	0.000000	270575	ttl	11	71	n/a	n/a	n/a	n/a	n/a	n/a	n/a	n/a	n/a	n/a	n/a	n/a	n/a	n/a	n/a	n/a	n/a	n/a	n/a	n/a	n/a	1352.872738	n/a
1353.454691	1.547881	270691	scene_recognition	n/a	n/a	n/a	71.0	n/a	n/a	n/a	1352.8727382499999	n/a	1.692560411625891	2	1	2	NB_18_frameB_foil.png	1	6	1356.6951325	0	52	n/a	n/a	intervals/recognition_table	51	1353.454691	1355.002572
1353.454691	0.000000	270691	ttl	1	71	n/a	n/a	n/a	n/a	n/a	n/a	n/a	n/a	n/a	n/a	n/a	n/a	n/a	n/a	n/a	n/a	n/a	n/a	n/a	n/a	n/a	1353.454691	n/a
1355.002572	0.000000	271001	ttl	2	71	n/a	n/a	n/a	n/a	n/a	n/a	n/a	n/a	n/a	n/a	n/a	n/a	n/a	n/a	n/a	n/a	n/a	n/a	n/a	n/a	n/a	1355.002572	n/a
1356.695132	0.000000	271339	ttl	4	71	n/a	n/a	n/a	n/a	n/a	n/a	n/a	n/a	n/a	n/a	n/a	n/a	n/a	n/a	n/a	n/a	n/a	n/a	n/a	n/a	n/a	1356.695132	n/a
1356.714700	0.000000	271343	ttl	11	71	n/a	n/a	n/a	n/a	n/a	n/a	n/a	n/a	n/a	n/a	n/a	n/a	n/a	n/a	n/a	n/a	n/a	n/a	n/a	n/a	n/a	1356.714700	n/a
1357.256503	1.547660	271451	scene_recognition	n/a	n/a	n/a	71.0	n/a	n/a	n/a	1356.7147	n/a	2.302433479373576	2	2	2	SB_5_frameA_foil.png	1	6	1361.106597	0	53	n/a	n/a	intervals/recognition_table	52	1357.256503	1358.804163
1357.256503	0.000000	271451	ttl	1	71	n/a	n/a	n/a	n/a	n/a	n/a	n/a	n/a	n/a	n/a	n/a	n/a	n/a	n/a	n/a	n/a	n/a	n/a	n/a	n/a	n/a	1357.256503	n/a
1358.804163	0.000000	271761	ttl	2	71	n/a	n/a	n/a	n/a	n/a	n/a	n/a	n/a	n/a	n/a	n/a	n/a	n/a	n/a	n/a	n/a	n/a	n/a	n/a	n/a	n/a	1358.804163	n/a
1361.106597	0.000000	272221	ttl	4	71	n/a	n/a	n/a	n/a	n/a	n/a	n/a	n/a	n/a	n/a	n/a	n/a	n/a	n/a	n/a	n/a	n/a	n/a	n/a	n/a	n/a	1361.106597	n/a
1361.117360	0.000000	272223	ttl	11	71	n/a	n/a	n/a	n/a	n/a	n/a	n/a	n/a	n/a	n/a	n/a	n/a	n/a	n/a	n/a	n/a	n/a	n/a	n/a	n/a	n/a	1361.117360	n/a
1361.618892	1.547464	272324	scene_recognition	n/a	n/a	n/a	71.0	n/a	n/a	n/a	1361.1173597499999	n/a	0.4570812676975038	2	3	2	HB_7_frameB_foil.png	1	6	1363.62343775	0	54	n/a	n/a	intervals/recognition_table	53	1361.618892	1363.166356
1361.618892	0.000000	272324	ttl	1	71	n/a	n/a	n/a	n/a	n/a	n/a	n/a	n/a	n/a	n/a	n/a	n/a	n/a	n/a	n/a	n/a	n/a	n/a	n/a	n/a	n/a	1361.618892	n/a
1363.166356	0.000000	272633	ttl	2	71	n/a	n/a	n/a	n/a	n/a	n/a	n/a	n/a	n/a	n/a	n/a	n/a	n/a	n/a	n/a	n/a	n/a	n/a	n/a	n/a	n/a	1363.166356	n/a
1363.623438	0.000000	272725	ttl	4	71	n/a	n/a	n/a	n/a	n/a	n/a	n/a	n/a	n/a	n/a	n/a	n/a	n/a	n/a	n/a	n/a	n/a	n/a	n/a	n/a	n/a	1363.623438	n/a
1363.632728	0.000000	272727	ttl	11	71	n/a	n/a	n/a	n/a	n/a	n/a	n/a	n/a	n/a	n/a	n/a	n/a	n/a	n/a	n/a	n/a	n/a	n/a	n/a	n/a	n/a	1363.632728	n/a
1364.154969	1.527199	272831	scene_recognition	n/a	n/a	n/a	71.0	n/a	n/a	n/a	1363.63272775	n/a	1.5049159874906763	2	3	2	HB_8_frameA_foil.png	1	6	1367.18708475	0	55	n/a	n/a	intervals/recognition_table	54	1364.154969	1365.682169
1364.154969	0.000000	272831	ttl	1	71	n/a	n/a	n/a	n/a	n/a	n/a	n/a	n/a	n/a	n/a	n/a	n/a	n/a	n/a	n/a	n/a	n/a	n/a	n/a	n/a	n/a	1364.154969	n/a
1365.682169	0.000000	273136	ttl	2	71	n/a	n/a	n/a	n/a	n/a	n/a	n/a	n/a	n/a	n/a	n/a	n/a	n/a	n/a	n/a	n/a	n/a	n/a	n/a	n/a	n/a	1365.682169	n/a
1367.187085	0.000000	273437	ttl	4	71	n/a	n/a	n/a	n/a	n/a	n/a	n/a	n/a	n/a	n/a	n/a	n/a	n/a	n/a	n/a	n/a	n/a	n/a	n/a	n/a	n/a	1367.187085	n/a
1367.201827	0.000000	273440	ttl	11	71	n/a	n/a	n/a	n/a	n/a	n/a	n/a	n/a	n/a	n/a	n/a	n/a	n/a	n/a	n/a	n/a	n/a	n/a	n/a	n/a	n/a	1367.201827	n/a
1367.744108	1.527198	273549	scene_recognition	n/a	n/a	n/a	71.0	n/a	n/a	n/a	1367.20182725	n/a	0.2753972186037572	2	3	2	HB_2_frameB.png	2	3	1369.5467035	1	56	n/a	n/a	intervals/recognition_table	55	1367.744108	1369.271306
1367.744108	0.000000	273549	ttl	1	71	n/a	n/a	n/a	n/a	n/a	n/a	n/a	n/a	n/a	n/a	n/a	n/a	n/a	n/a	n/a	n/a	n/a	n/a	n/a	n/a	n/a	1367.744108	n/a
1369.271306	0.000000	273854	ttl	2	71	n/a	n/a	n/a	n/a	n/a	n/a	n/a	n/a	n/a	n/a	n/a	n/a	n/a	n/a	n/a	n/a	n/a	n/a	n/a	n/a	n/a	1369.271306	n/a
1369.546703	0.000000	273909	ttl	4	71	n/a	n/a	n/a	n/a	n/a	n/a	n/a	n/a	n/a	n/a	n/a	n/a	n/a	n/a	n/a	n/a	n/a	n/a	n/a	n/a	n/a	1369.546703	n/a
1369.567349	0.000000	273913	ttl	11	71	n/a	n/a	n/a	n/a	n/a	n/a	n/a	n/a	n/a	n/a	n/a	n/a	n/a	n/a	n/a	n/a	n/a	n/a	n/a	n/a	n/a	1369.567349	n/a
1370.149332	1.547949	274030	scene_recognition	n/a	n/a	n/a	71.0	n/a	n/a	n/a	1369.5673487499998	n/a	3.247916700463975	2	3	2	HB_7_frameA_foil.png	1	6	1374.9451975	0	57	n/a	n/a	intervals/recognition_table	56	1370.149332	1371.697281
1370.149332	0.000000	274030	ttl	1	71	n/a	n/a	n/a	n/a	n/a	n/a	n/a	n/a	n/a	n/a	n/a	n/a	n/a	n/a	n/a	n/a	n/a	n/a	n/a	n/a	n/a	1370.149332	n/a
1371.697281	0.000000	274339	ttl	2	71	n/a	n/a	n/a	n/a	n/a	n/a	n/a	n/a	n/a	n/a	n/a	n/a	n/a	n/a	n/a	n/a	n/a	n/a	n/a	n/a	n/a	1371.697281	n/a
1374.945197	0.000000	274989	ttl	4	71	n/a	n/a	n/a	n/a	n/a	n/a	n/a	n/a	n/a	n/a	n/a	n/a	n/a	n/a	n/a	n/a	n/a	n/a	n/a	n/a	n/a	1374.945197	n/a
1374.960435	0.000000	274992	ttl	11	71	n/a	n/a	n/a	n/a	n/a	n/a	n/a	n/a	n/a	n/a	n/a	n/a	n/a	n/a	n/a	n/a	n/a	n/a	n/a	n/a	n/a	1374.960435	n/a
1375.542389	1.547189	275108	scene_recognition	n/a	n/a	n/a	71.0	n/a	n/a	n/a	1374.9604347499999	n/a	2.1453612791374326	2	3	2	HB_6_frameB.png	2	3	1379.234939	1	58	n/a	n/a	intervals/recognition_table	57	1375.542389	1377.089578
1375.542389	0.000000	275108	ttl	1	71	n/a	n/a	n/a	n/a	n/a	n/a	n/a	n/a	n/a	n/a	n/a	n/a	n/a	n/a	n/a	n/a	n/a	n/a	n/a	n/a	n/a	1375.542389	n/a
1377.089578	0.000000	275418	ttl	2	71	n/a	n/a	n/a	n/a	n/a	n/a	n/a	n/a	n/a	n/a	n/a	n/a	n/a	n/a	n/a	n/a	n/a	n/a	n/a	n/a	n/a	1377.089578	n/a
1379.234939	0.000000	275847	ttl	4	71	n/a	n/a	n/a	n/a	n/a	n/a	n/a	n/a	n/a	n/a	n/a	n/a	n/a	n/a	n/a	n/a	n/a	n/a	n/a	n/a	n/a	1379.234939	n/a
1379.258678	0.000000	275852	ttl	11	71	n/a	n/a	n/a	n/a	n/a	n/a	n/a	n/a	n/a	n/a	n/a	n/a	n/a	n/a	n/a	n/a	n/a	n/a	n/a	n/a	n/a	1379.258678	n/a
1379.860698	1.547182	275972	scene_recognition	n/a	n/a	n/a	71.0	n/a	n/a	n/a	1379.2586784999999	n/a	1.5943372948822798	2	2	2	SB_2_frameA_foil.png	1	6	1383.00221675	0	59	n/a	n/a	intervals/recognition_table	58	1379.860698	1381.407880
1379.860698	0.000000	275972	ttl	1	71	n/a	n/a	n/a	n/a	n/a	n/a	n/a	n/a	n/a	n/a	n/a	n/a	n/a	n/a	n/a	n/a	n/a	n/a	n/a	n/a	n/a	1379.860698	n/a
1381.407880	0.000000	276282	ttl	2	71	n/a	n/a	n/a	n/a	n/a	n/a	n/a	n/a	n/a	n/a	n/a	n/a	n/a	n/a	n/a	n/a	n/a	n/a	n/a	n/a	n/a	1381.407880	n/a
1383.002217	0.000000	276600	ttl	4	71	n/a	n/a	n/a	n/a	n/a	n/a	n/a	n/a	n/a	n/a	n/a	n/a	n/a	n/a	n/a	n/a	n/a	n/a	n/a	n/a	n/a	1383.002217	n/a
1383.014807	0.000000	276603	ttl	11	71	n/a	n/a	n/a	n/a	n/a	n/a	n/a	n/a	n/a	n/a	n/a	n/a	n/a	n/a	n/a	n/a	n/a	n/a	n/a	n/a	n/a	1383.014807	n/a
1383.596774	1.527859	276719	scene_recognition	n/a	n/a	n/a	71.0	n/a	n/a	n/a	1383.0148075	n/a	3.0084911613957956	2	3	2	HB_3_frameB_foil.png	1	6	1388.13312475	0	60	n/a	n/a	intervals/recognition_table	59	1383.596774	1385.124633
1383.596774	0.000000	276719	ttl	1	71	n/a	n/a	n/a	n/a	n/a	n/a	n/a	n/a	n/a	n/a	n/a	n/a	n/a	n/a	n/a	n/a	n/a	n/a	n/a	n/a	n/a	1383.596774	n/a
1385.124633	0.000000	277025	ttl	2	71	n/a	n/a	n/a	n/a	n/a	n/a	n/a	n/a	n/a	n/a	n/a	n/a	n/a	n/a	n/a	n/a	n/a	n/a	n/a	n/a	n/a	1385.124633	n/a
1388.133125	0.000000	277627	ttl	4	71	n/a	n/a	n/a	n/a	n/a	n/a	n/a	n/a	n/a	n/a	n/a	n/a	n/a	n/a	n/a	n/a	n/a	n/a	n/a	n/a	n/a	1388.133125	n/a
1388.149114	0.000000	277630	ttl	11	71	n/a	n/a	n/a	n/a	n/a	n/a	n/a	n/a	n/a	n/a	n/a	n/a	n/a	n/a	n/a	n/a	n/a	n/a	n/a	n/a	n/a	1388.149114	n/a
1388.751317	1.527150	277750	scene_recognition	n/a	n/a	n/a	71.0	n/a	n/a	n/a	1388.14911425	n/a	1.1031397127080709	2	3	2	HB_9_frameB_foil.png	1	6	1391.381607	0	61	n/a	n/a	intervals/recognition_table	60	1388.751317	1390.278467
1388.751317	0.000000	277750	ttl	1	71	n/a	n/a	n/a	n/a	n/a	n/a	n/a	n/a	n/a	n/a	n/a	n/a	n/a	n/a	n/a	n/a	n/a	n/a	n/a	n/a	n/a	1388.751317	n/a
1390.278467	0.000000	278056	ttl	2	71	n/a	n/a	n/a	n/a	n/a	n/a	n/a	n/a	n/a	n/a	n/a	n/a	n/a	n/a	n/a	n/a	n/a	n/a	n/a	n/a	n/a	1390.278467	n/a
1391.381607	0.000000	278276	ttl	4	71	n/a	n/a	n/a	n/a	n/a	n/a	n/a	n/a	n/a	n/a	n/a	n/a	n/a	n/a	n/a	n/a	n/a	n/a	n/a	n/a	n/a	1391.381607	n/a
1391.399358	0.000000	278280	ttl	11	71	n/a	n/a	n/a	n/a	n/a	n/a	n/a	n/a	n/a	n/a	n/a	n/a	n/a	n/a	n/a	n/a	n/a	n/a	n/a	n/a	n/a	1391.399358	n/a
1391.941185	1.547233	278388	scene_recognition	n/a	n/a	n/a	71.0	n/a	n/a	n/a	1391.3993584999998	n/a	1.7681616053014295	2	2	2	SB_7_frameB_foil.png	1	6	1395.25658	0	62	n/a	n/a	intervals/recognition_table	61	1391.941185	1393.488418
1391.941185	0.000000	278388	ttl	1	71	n/a	n/a	n/a	n/a	n/a	n/a	n/a	n/a	n/a	n/a	n/a	n/a	n/a	n/a	n/a	n/a	n/a	n/a	n/a	n/a	n/a	1391.941185	n/a
1393.488418	0.000000	278698	ttl	2	71	n/a	n/a	n/a	n/a	n/a	n/a	n/a	n/a	n/a	n/a	n/a	n/a	n/a	n/a	n/a	n/a	n/a	n/a	n/a	n/a	n/a	1393.488418	n/a
1395.256580	0.000000	279051	ttl	4	71	n/a	n/a	n/a	n/a	n/a	n/a	n/a	n/a	n/a	n/a	n/a	n/a	n/a	n/a	n/a	n/a	n/a	n/a	n/a	n/a	n/a	1395.256580	n/a
1395.281019	0.000000	279056	ttl	11	71	n/a	n/a	n/a	n/a	n/a	n/a	n/a	n/a	n/a	n/a	n/a	n/a	n/a	n/a	n/a	n/a	n/a	n/a	n/a	n/a	n/a	1395.281019	n/a
1395.802775	1.547535	279161	scene_recognition	n/a	n/a	n/a	71.0	n/a	n/a	n/a	1395.281019	n/a	1.9016366389259929	2	1	2	NB_6_frameB_foil.png	1	6	1399.2519472499998	0	63	n/a	n/a	intervals/recognition_table	62	1395.802775	1397.350310
1395.802775	0.000000	279161	ttl	1	71	n/a	n/a	n/a	n/a	n/a	n/a	n/a	n/a	n/a	n/a	n/a	n/a	n/a	n/a	n/a	n/a	n/a	n/a	n/a	n/a	n/a	1395.802775	n/a
1397.350310	0.000000	279470	ttl	2	71	n/a	n/a	n/a	n/a	n/a	n/a	n/a	n/a	n/a	n/a	n/a	n/a	n/a	n/a	n/a	n/a	n/a	n/a	n/a	n/a	n/a	1397.350310	n/a
1399.251947	0.000000	279850	ttl	4	71	n/a	n/a	n/a	n/a	n/a	n/a	n/a	n/a	n/a	n/a	n/a	n/a	n/a	n/a	n/a	n/a	n/a	n/a	n/a	n/a	n/a	1399.251947	n/a
1399.258820	0.000000	279852	ttl	11	71	n/a	n/a	n/a	n/a	n/a	n/a	n/a	n/a	n/a	n/a	n/a	n/a	n/a	n/a	n/a	n/a	n/a	n/a	n/a	n/a	n/a	1399.258820	n/a
1399.780496	1.527204	279956	scene_recognition	n/a	n/a	n/a	71.0	n/a	n/a	n/a	1399.2588205	n/a	1.9057978629425634	2	3	2	HB_1_frameB.png	2	3	1403.2134975	1	64	n/a	n/a	intervals/recognition_table	63	1399.780496	1401.307699
1399.780496	0.000000	279956	ttl	1	71	n/a	n/a	n/a	n/a	n/a	n/a	n/a	n/a	n/a	n/a	n/a	n/a	n/a	n/a	n/a	n/a	n/a	n/a	n/a	n/a	n/a	1399.780496	n/a
1401.307699	0.000000	280262	ttl	2	71	n/a	n/a	n/a	n/a	n/a	n/a	n/a	n/a	n/a	n/a	n/a	n/a	n/a	n/a	n/a	n/a	n/a	n/a	n/a	n/a	n/a	1401.307699	n/a
1403.213497	0.000000	280643	ttl	4	71	n/a	n/a	n/a	n/a	n/a	n/a	n/a	n/a	n/a	n/a	n/a	n/a	n/a	n/a	n/a	n/a	n/a	n/a	n/a	n/a	n/a	1403.213497	n/a
1403.222078	0.000000	280644	ttl	11	71	n/a	n/a	n/a	n/a	n/a	n/a	n/a	n/a	n/a	n/a	n/a	n/a	n/a	n/a	n/a	n/a	n/a	n/a	n/a	n/a	n/a	1403.222078	n/a
1403.784124	1.547961	280757	scene_recognition	n/a	n/a	n/a	71.0	n/a	n/a	n/a	1403.22207775	n/a	2.8349938787869178	2	1	2	NB_11_frameB.png	2	3	1408.1670795	1	65	n/a	n/a	intervals/recognition_table	64	1403.784124	1405.332085
1403.784124	0.000000	280757	ttl	1	71	n/a	n/a	n/a	n/a	n/a	n/a	n/a	n/a	n/a	n/a	n/a	n/a	n/a	n/a	n/a	n/a	n/a	n/a	n/a	n/a	n/a	1403.784124	n/a
1405.332085	0.000000	281066	ttl	2	71	n/a	n/a	n/a	n/a	n/a	n/a	n/a	n/a	n/a	n/a	n/a	n/a	n/a	n/a	n/a	n/a	n/a	n/a	n/a	n/a	n/a	1405.332085	n/a
1408.167079	0.000000	281633	ttl	4	71	n/a	n/a	n/a	n/a	n/a	n/a	n/a	n/a	n/a	n/a	n/a	n/a	n/a	n/a	n/a	n/a	n/a	n/a	n/a	n/a	n/a	1408.167079	n/a
1408.186678	0.000000	281637	ttl	11	71	n/a	n/a	n/a	n/a	n/a	n/a	n/a	n/a	n/a	n/a	n/a	n/a	n/a	n/a	n/a	n/a	n/a	n/a	n/a	n/a	n/a	1408.186678	n/a
1408.708411	1.527773	281742	scene_recognition	n/a	n/a	n/a	71.0	n/a	n/a	n/a	1408.18667775	n/a	2.8764677332364954	2	3	2	HB_3_frameA.png	2	3	1413.1126514999999	1	66	n/a	n/a	intervals/recognition_table	65	1408.708411	1410.236184
1408.708411	0.000000	281742	ttl	1	71	n/a	n/a	n/a	n/a	n/a	n/a	n/a	n/a	n/a	n/a	n/a	n/a	n/a	n/a	n/a	n/a	n/a	n/a	n/a	n/a	n/a	1408.708411	n/a
1410.236184	0.000000	282047	ttl	2	71	n/a	n/a	n/a	n/a	n/a	n/a	n/a	n/a	n/a	n/a	n/a	n/a	n/a	n/a	n/a	n/a	n/a	n/a	n/a	n/a	n/a	1410.236184	n/a
1413.112651	0.000000	282623	ttl	4	71	n/a	n/a	n/a	n/a	n/a	n/a	n/a	n/a	n/a	n/a	n/a	n/a	n/a	n/a	n/a	n/a	n/a	n/a	n/a	n/a	n/a	1413.112651	n/a
1413.132521	0.000000	282627	ttl	11	71	n/a	n/a	n/a	n/a	n/a	n/a	n/a	n/a	n/a	n/a	n/a	n/a	n/a	n/a	n/a	n/a	n/a	n/a	n/a	n/a	n/a	1413.132521	n/a
1413.633955	1.548133	282727	scene_recognition	n/a	n/a	n/a	71.0	n/a	n/a	n/a	1413.132521	n/a	1.1335147811914794	2	2	2	SB_4_frameA_foil.png	1	6	1416.315603	0	67	n/a	n/a	intervals/recognition_table	66	1413.633955	1415.182088
1413.633955	0.000000	282727	ttl	1	71	n/a	n/a	n/a	n/a	n/a	n/a	n/a	n/a	n/a	n/a	n/a	n/a	n/a	n/a	n/a	n/a	n/a	n/a	n/a	n/a	n/a	1413.633955	n/a
1415.182088	0.000000	283036	ttl	2	71	n/a	n/a	n/a	n/a	n/a	n/a	n/a	n/a	n/a	n/a	n/a	n/a	n/a	n/a	n/a	n/a	n/a	n/a	n/a	n/a	n/a	1415.182088	n/a
1416.315603	0.000000	283263	ttl	4	71	n/a	n/a	n/a	n/a	n/a	n/a	n/a	n/a	n/a	n/a	n/a	n/a	n/a	n/a	n/a	n/a	n/a	n/a	n/a	n/a	n/a	1416.315603	n/a
1416.323378	0.000000	283265	ttl	11	71	n/a	n/a	n/a	n/a	n/a	n/a	n/a	n/a	n/a	n/a	n/a	n/a	n/a	n/a	n/a	n/a	n/a	n/a	n/a	n/a	n/a	1416.323378	n/a
1416.925400	1.547160	283385	scene_recognition	n/a	n/a	n/a	71.0	n/a	n/a	n/a	1416.3233785	n/a	1.0574129353335593	2	3	2	HB_2_frameB_foil.png	1	6	1419.529973	0	68	n/a	n/a	intervals/recognition_table	67	1416.925400	1418.472560
1416.925400	0.000000	283385	ttl	1	71	n/a	n/a	n/a	n/a	n/a	n/a	n/a	n/a	n/a	n/a	n/a	n/a	n/a	n/a	n/a	n/a	n/a	n/a	n/a	n/a	n/a	1416.925400	n/a
1418.472560	0.000000	283695	ttl	2	71	n/a	n/a	n/a	n/a	n/a	n/a	n/a	n/a	n/a	n/a	n/a	n/a	n/a	n/a	n/a	n/a	n/a	n/a	n/a	n/a	n/a	1418.472560	n/a
1419.529973	0.000000	283906	ttl	4	71	n/a	n/a	n/a	n/a	n/a	n/a	n/a	n/a	n/a	n/a	n/a	n/a	n/a	n/a	n/a	n/a	n/a	n/a	n/a	n/a	n/a	1419.529973	n/a
1419.544742	0.000000	283909	ttl	11	71	n/a	n/a	n/a	n/a	n/a	n/a	n/a	n/a	n/a	n/a	n/a	n/a	n/a	n/a	n/a	n/a	n/a	n/a	n/a	n/a	n/a	1419.544742	n/a
1420.066641	1.527048	284013	scene_recognition	n/a	n/a	n/a	71.0	n/a	n/a	n/a	1419.54474175	n/a	2.041304876373033	2	3	2	HB_9_frameA.png	2	3	1423.6349942499999	1	69	n/a	n/a	intervals/recognition_table	68	1420.066641	1421.593689
1420.066641	0.000000	284013	ttl	1	71	n/a	n/a	n/a	n/a	n/a	n/a	n/a	n/a	n/a	n/a	n/a	n/a	n/a	n/a	n/a	n/a	n/a	n/a	n/a	n/a	n/a	1420.066641	n/a
1421.593689	0.000000	284319	ttl	2	71	n/a	n/a	n/a	n/a	n/a	n/a	n/a	n/a	n/a	n/a	n/a	n/a	n/a	n/a	n/a	n/a	n/a	n/a	n/a	n/a	n/a	1421.593689	n/a
1423.634994	0.000000	284727	ttl	4	71	n/a	n/a	n/a	n/a	n/a	n/a	n/a	n/a	n/a	n/a	n/a	n/a	n/a	n/a	n/a	n/a	n/a	n/a	n/a	n/a	n/a	1423.634994	n/a
1423.640949	0.000000	284728	ttl	11	71	n/a	n/a	n/a	n/a	n/a	n/a	n/a	n/a	n/a	n/a	n/a	n/a	n/a	n/a	n/a	n/a	n/a	n/a	n/a	n/a	n/a	1423.640949	n/a
1424.182892	1.547148	284837	scene_recognition	n/a	n/a	n/a	71.0	n/a	n/a	n/a	1423.6409489999999	n/a	1.3341550588374957	2	1	2	NB_26_frameA.png	2	3	1427.0641947499998	1	70	n/a	n/a	intervals/recognition_table	69	1424.182892	1425.730040
1424.182892	0.000000	284837	ttl	1	71	n/a	n/a	n/a	n/a	n/a	n/a	n/a	n/a	n/a	n/a	n/a	n/a	n/a	n/a	n/a	n/a	n/a	n/a	n/a	n/a	n/a	1424.182892	n/a
1425.730040	0.000000	285146	ttl	2	71	n/a	n/a	n/a	n/a	n/a	n/a	n/a	n/a	n/a	n/a	n/a	n/a	n/a	n/a	n/a	n/a	n/a	n/a	n/a	n/a	n/a	1425.730040	n/a
1427.064195	0.000000	285413	ttl	4	71	n/a	n/a	n/a	n/a	n/a	n/a	n/a	n/a	n/a	n/a	n/a	n/a	n/a	n/a	n/a	n/a	n/a	n/a	n/a	n/a	n/a	1427.064195	n/a
1427.069099	0.000000	285414	ttl	11	71	n/a	n/a	n/a	n/a	n/a	n/a	n/a	n/a	n/a	n/a	n/a	n/a	n/a	n/a	n/a	n/a	n/a	n/a	n/a	n/a	n/a	1427.069099	n/a
1427.631172	1.527196	285526	scene_recognition	n/a	n/a	n/a	71.0	n/a	n/a	n/a	1427.0690989999998	n/a	1.162720849388279	2	2	2	SB_3_frameA.png	2	3	1430.32108875	1	71	n/a	n/a	intervals/recognition_table	70	1427.631172	1429.158368
1427.631172	0.000000	285526	ttl	1	71	n/a	n/a	n/a	n/a	n/a	n/a	n/a	n/a	n/a	n/a	n/a	n/a	n/a	n/a	n/a	n/a	n/a	n/a	n/a	n/a	n/a	1427.631172	n/a
1429.158368	0.000000	285832	ttl	2	71	n/a	n/a	n/a	n/a	n/a	n/a	n/a	n/a	n/a	n/a	n/a	n/a	n/a	n/a	n/a	n/a	n/a	n/a	n/a	n/a	n/a	1429.158368	n/a
1430.321089	0.000000	286064	ttl	4	71	n/a	n/a	n/a	n/a	n/a	n/a	n/a	n/a	n/a	n/a	n/a	n/a	n/a	n/a	n/a	n/a	n/a	n/a	n/a	n/a	n/a	1430.321089	n/a
1430.334999	0.000000	286067	ttl	11	71	n/a	n/a	n/a	n/a	n/a	n/a	n/a	n/a	n/a	n/a	n/a	n/a	n/a	n/a	n/a	n/a	n/a	n/a	n/a	n/a	n/a	1430.334999	n/a
1430.917449	1.527258	286183	scene_recognition	n/a	n/a	n/a	71.0	n/a	n/a	n/a	1430.3349994999999	n/a	0.21146661184320692	2	3	2	HB_7_frameB.png	2	3	1432.6561735	1	72	n/a	n/a	intervals/recognition_table	71	1430.917449	1432.444707
1430.917449	0.000000	286183	ttl	1	71	n/a	n/a	n/a	n/a	n/a	n/a	n/a	n/a	n/a	n/a	n/a	n/a	n/a	n/a	n/a	n/a	n/a	n/a	n/a	n/a	n/a	1430.917449	n/a
1432.444707	0.000000	286489	ttl	2	71	n/a	n/a	n/a	n/a	n/a	n/a	n/a	n/a	n/a	n/a	n/a	n/a	n/a	n/a	n/a	n/a	n/a	n/a	n/a	n/a	n/a	1432.444707	n/a
1432.656174	0.000000	286531	ttl	4	71	n/a	n/a	n/a	n/a	n/a	n/a	n/a	n/a	n/a	n/a	n/a	n/a	n/a	n/a	n/a	n/a	n/a	n/a	n/a	n/a	n/a	1432.656174	n/a
1432.664495	0.000000	286533	ttl	11	71	n/a	n/a	n/a	n/a	n/a	n/a	n/a	n/a	n/a	n/a	n/a	n/a	n/a	n/a	n/a	n/a	n/a	n/a	n/a	n/a	n/a	1432.664495	n/a
1433.206185	1.550457	286641	scene_recognition	n/a	n/a	n/a	71.0	n/a	n/a	n/a	1432.6644952499998	n/a	1.0576201100484468	2	3	2	HB_3_frameB.png	2	3	1435.8142615	1	73	n/a	n/a	intervals/recognition_table	72	1433.206185	1434.756641
1433.206185	0.000000	286641	ttl	1	71	n/a	n/a	n/a	n/a	n/a	n/a	n/a	n/a	n/a	n/a	n/a	n/a	n/a	n/a	n/a	n/a	n/a	n/a	n/a	n/a	n/a	1433.206185	n/a
1434.756641	0.000000	286951	ttl	2	71	n/a	n/a	n/a	n/a	n/a	n/a	n/a	n/a	n/a	n/a	n/a	n/a	n/a	n/a	n/a	n/a	n/a	n/a	n/a	n/a	n/a	1434.756641	n/a
1435.814261	0.000000	287163	ttl	4	71	n/a	n/a	n/a	n/a	n/a	n/a	n/a	n/a	n/a	n/a	n/a	n/a	n/a	n/a	n/a	n/a	n/a	n/a	n/a	n/a	n/a	1435.814261	n/a
1435.828547	0.000000	287166	ttl	11	71	n/a	n/a	n/a	n/a	n/a	n/a	n/a	n/a	n/a	n/a	n/a	n/a	n/a	n/a	n/a	n/a	n/a	n/a	n/a	n/a	n/a	1435.828547	n/a
1436.350148	1.547553	287270	scene_recognition	n/a	n/a	n/a	71.0	n/a	n/a	n/a	1435.8285469999998	n/a	1.3884613055852242	2	2	2	SB_5_frameB_foil.png	1	6	1439.28616275	0	74	n/a	n/a	intervals/recognition_table	73	1436.350148	1437.897702
1436.350148	0.000000	287270	ttl	1	71	n/a	n/a	n/a	n/a	n/a	n/a	n/a	n/a	n/a	n/a	n/a	n/a	n/a	n/a	n/a	n/a	n/a	n/a	n/a	n/a	n/a	1436.350148	n/a
1437.897702	0.000000	287580	ttl	2	71	n/a	n/a	n/a	n/a	n/a	n/a	n/a	n/a	n/a	n/a	n/a	n/a	n/a	n/a	n/a	n/a	n/a	n/a	n/a	n/a	n/a	1437.897702	n/a
1439.286163	0.000000	287857	ttl	4	71	n/a	n/a	n/a	n/a	n/a	n/a	n/a	n/a	n/a	n/a	n/a	n/a	n/a	n/a	n/a	n/a	n/a	n/a	n/a	n/a	n/a	1439.286163	n/a
1439.309811	0.000000	287862	ttl	11	71	n/a	n/a	n/a	n/a	n/a	n/a	n/a	n/a	n/a	n/a	n/a	n/a	n/a	n/a	n/a	n/a	n/a	n/a	n/a	n/a	n/a	1439.309811	n/a
1439.871727	1.547996	287974	scene_recognition	n/a	n/a	n/a	71.0	n/a	n/a	n/a	1439.30981125	n/a	3.564603826889652	2	2	2	SB_7_frameA_foil.png	1	6	1444.9843274999998	0	75	n/a	n/a	intervals/recognition_table	74	1439.871727	1441.419723
1439.871727	0.000000	287974	ttl	1	71	n/a	n/a	n/a	n/a	n/a	n/a	n/a	n/a	n/a	n/a	n/a	n/a	n/a	n/a	n/a	n/a	n/a	n/a	n/a	n/a	n/a	1439.871727	n/a
1441.419723	0.000000	288284	ttl	2	71	n/a	n/a	n/a	n/a	n/a	n/a	n/a	n/a	n/a	n/a	n/a	n/a	n/a	n/a	n/a	n/a	n/a	n/a	n/a	n/a	n/a	1441.419723	n/a
1444.984327	0.000000	288997	ttl	4	71	n/a	n/a	n/a	n/a	n/a	n/a	n/a	n/a	n/a	n/a	n/a	n/a	n/a	n/a	n/a	n/a	n/a	n/a	n/a	n/a	n/a	1444.984327	n/a
1444.992988	0.000000	288999	ttl	11	71	n/a	n/a	n/a	n/a	n/a	n/a	n/a	n/a	n/a	n/a	n/a	n/a	n/a	n/a	n/a	n/a	n/a	n/a	n/a	n/a	n/a	1444.992988	n/a
1445.515040	1.547407	289103	scene_recognition	n/a	n/a	n/a	71.0	n/a	n/a	n/a	1444.9929885	n/a	1.255633899141685	2	3	2	HB_4_frameA_foil.png	1	6	1448.31808125	0	76	n/a	n/a	intervals/recognition_table	75	1445.515040	1447.062447
1445.515040	0.000000	289103	ttl	1	71	n/a	n/a	n/a	n/a	n/a	n/a	n/a	n/a	n/a	n/a	n/a	n/a	n/a	n/a	n/a	n/a	n/a	n/a	n/a	n/a	n/a	1445.515040	n/a
1447.062447	0.000000	289412	ttl	2	71	n/a	n/a	n/a	n/a	n/a	n/a	n/a	n/a	n/a	n/a	n/a	n/a	n/a	n/a	n/a	n/a	n/a	n/a	n/a	n/a	n/a	1447.062447	n/a
1448.318081	0.000000	289664	ttl	4	71	n/a	n/a	n/a	n/a	n/a	n/a	n/a	n/a	n/a	n/a	n/a	n/a	n/a	n/a	n/a	n/a	n/a	n/a	n/a	n/a	n/a	1448.318081	n/a
1448.343216	0.000000	289669	ttl	11	71	n/a	n/a	n/a	n/a	n/a	n/a	n/a	n/a	n/a	n/a	n/a	n/a	n/a	n/a	n/a	n/a	n/a	n/a	n/a	n/a	n/a	1448.343216	n/a
1448.864783	1.528000	289773	scene_recognition	n/a	n/a	n/a	71.0	n/a	n/a	n/a	1448.343216	n/a	2.269818768618279	2	2	2	SB_4_frameB.png	2	3	1452.6626019999999	1	77	n/a	n/a	intervals/recognition_table	76	1448.864783	1450.392783
1448.864783	0.000000	289773	ttl	1	71	n/a	n/a	n/a	n/a	n/a	n/a	n/a	n/a	n/a	n/a	n/a	n/a	n/a	n/a	n/a	n/a	n/a	n/a	n/a	n/a	n/a	1448.864783	n/a
1450.392783	0.000000	290079	ttl	2	71	n/a	n/a	n/a	n/a	n/a	n/a	n/a	n/a	n/a	n/a	n/a	n/a	n/a	n/a	n/a	n/a	n/a	n/a	n/a	n/a	n/a	1450.392783	n/a
1452.662602	0.000000	290533	ttl	4	71	n/a	n/a	n/a	n/a	n/a	n/a	n/a	n/a	n/a	n/a	n/a	n/a	n/a	n/a	n/a	n/a	n/a	n/a	n/a	n/a	n/a	1452.662602	n/a
1452.686138	0.000000	290537	ttl	11	71	n/a	n/a	n/a	n/a	n/a	n/a	n/a	n/a	n/a	n/a	n/a	n/a	n/a	n/a	n/a	n/a	n/a	n/a	n/a	n/a	n/a	1452.686138	n/a
1453.187883	1.527144	290638	scene_recognition	n/a	n/a	n/a	71.0	n/a	n/a	n/a	1452.686138	n/a	3.2311554030748084	2	1	2	NB_10_frameB_foil.png	1	6	1457.9461824999998	0	78	n/a	n/a	intervals/recognition_table	77	1453.187883	1454.715027
1453.187883	0.000000	290638	ttl	1	71	n/a	n/a	n/a	n/a	n/a	n/a	n/a	n/a	n/a	n/a	n/a	n/a	n/a	n/a	n/a	n/a	n/a	n/a	n/a	n/a	n/a	1453.187883	n/a
1454.715027	0.000000	290943	ttl	2	71	n/a	n/a	n/a	n/a	n/a	n/a	n/a	n/a	n/a	n/a	n/a	n/a	n/a	n/a	n/a	n/a	n/a	n/a	n/a	n/a	n/a	1454.715027	n/a
1457.946182	0.000000	291589	ttl	4	71	n/a	n/a	n/a	n/a	n/a	n/a	n/a	n/a	n/a	n/a	n/a	n/a	n/a	n/a	n/a	n/a	n/a	n/a	n/a	n/a	n/a	1457.946182	n/a
1457.958850	0.000000	291592	ttl	11	71	n/a	n/a	n/a	n/a	n/a	n/a	n/a	n/a	n/a	n/a	n/a	n/a	n/a	n/a	n/a	n/a	n/a	n/a	n/a	n/a	n/a	1457.958850	n/a
1458.540842	1.547309	291708	scene_recognition	n/a	n/a	n/a	71.0	n/a	n/a	n/a	1457.9588495	n/a	2.0127262117603095	2	2	2	SB_1_frameB_foil.png	1	6	1462.10087725	0	79	n/a	n/a	intervals/recognition_table	78	1458.540842	1460.088151
1458.540842	0.000000	291708	ttl	1	71	n/a	n/a	n/a	n/a	n/a	n/a	n/a	n/a	n/a	n/a	n/a	n/a	n/a	n/a	n/a	n/a	n/a	n/a	n/a	n/a	n/a	1458.540842	n/a
1460.088151	0.000000	292018	ttl	2	71	n/a	n/a	n/a	n/a	n/a	n/a	n/a	n/a	n/a	n/a	n/a	n/a	n/a	n/a	n/a	n/a	n/a	n/a	n/a	n/a	n/a	1460.088151	n/a
1462.100877	0.000000	292420	ttl	4	71	n/a	n/a	n/a	n/a	n/a	n/a	n/a	n/a	n/a	n/a	n/a	n/a	n/a	n/a	n/a	n/a	n/a	n/a	n/a	n/a	n/a	1462.100877	n/a
1462.116007	0.000000	292423	ttl	11	71	n/a	n/a	n/a	n/a	n/a	n/a	n/a	n/a	n/a	n/a	n/a	n/a	n/a	n/a	n/a	n/a	n/a	n/a	n/a	n/a	n/a	1462.116007	n/a
1462.697976	1.527205	292540	scene_recognition	n/a	n/a	n/a	71.0	n/a	n/a	n/a	1462.1160069999999	n/a	2.002690542838536	2	2	2	SB_3_frameB_foil.png	1	6	1466.22787075	0	80	n/a	n/a	intervals/recognition_table	79	1462.697976	1464.225180
1462.697976	0.000000	292540	ttl	1	71	n/a	n/a	n/a	n/a	n/a	n/a	n/a	n/a	n/a	n/a	n/a	n/a	n/a	n/a	n/a	n/a	n/a	n/a	n/a	n/a	n/a	1462.697976	n/a
1464.225180	0.000000	292845	ttl	2	71	n/a	n/a	n/a	n/a	n/a	n/a	n/a	n/a	n/a	n/a	n/a	n/a	n/a	n/a	n/a	n/a	n/a	n/a	n/a	n/a	n/a	1464.225180	n/a
1466.227871	0.000000	293246	ttl	4	71	n/a	n/a	n/a	n/a	n/a	n/a	n/a	n/a	n/a	n/a	n/a	n/a	n/a	n/a	n/a	n/a	n/a	n/a	n/a	n/a	n/a	1466.227871	n/a
1466.242186	0.000000	293248	ttl	11	71	n/a	n/a	n/a	n/a	n/a	n/a	n/a	n/a	n/a	n/a	n/a	n/a	n/a	n/a	n/a	n/a	n/a	n/a	n/a	n/a	n/a	1466.242186	n/a
1466.764151	1.527330	293353	scene_recognition	n/a	n/a	n/a	71.0	n/a	n/a	n/a	1466.24218625	n/a	2.7068575809244066	2	1	2	NB_4_frameA.png	2	3	1470.99833825	1	81	n/a	n/a	intervals/recognition_table	80	1466.764151	1468.291481
1466.764151	0.000000	293353	ttl	1	71	n/a	n/a	n/a	n/a	n/a	n/a	n/a	n/a	n/a	n/a	n/a	n/a	n/a	n/a	n/a	n/a	n/a	n/a	n/a	n/a	n/a	1466.764151	n/a
1468.291481	0.000000	293658	ttl	2	71	n/a	n/a	n/a	n/a	n/a	n/a	n/a	n/a	n/a	n/a	n/a	n/a	n/a	n/a	n/a	n/a	n/a	n/a	n/a	n/a	n/a	1468.291481	n/a
1470.998338	0.000000	294200	ttl	4	71	n/a	n/a	n/a	n/a	n/a	n/a	n/a	n/a	n/a	n/a	n/a	n/a	n/a	n/a	n/a	n/a	n/a	n/a	n/a	n/a	n/a	1470.998338	n/a
1471.009724	0.000000	294202	ttl	11	71	n/a	n/a	n/a	n/a	n/a	n/a	n/a	n/a	n/a	n/a	n/a	n/a	n/a	n/a	n/a	n/a	n/a	n/a	n/a	n/a	n/a	1471.009724	n/a
1471.551618	1.527119	294310	scene_recognition	n/a	n/a	n/a	71.0	n/a	n/a	n/a	1471.00972375	n/a	2.3209281056915643	2	1	2	NB_27_frameA_foil.png	1	6	1475.399665	0	82	n/a	n/a	intervals/recognition_table	81	1471.551618	1473.078737
1471.551618	0.000000	294310	ttl	1	71	n/a	n/a	n/a	n/a	n/a	n/a	n/a	n/a	n/a	n/a	n/a	n/a	n/a	n/a	n/a	n/a	n/a	n/a	n/a	n/a	n/a	1471.551618	n/a
1473.078737	0.000000	294616	ttl	2	71	n/a	n/a	n/a	n/a	n/a	n/a	n/a	n/a	n/a	n/a	n/a	n/a	n/a	n/a	n/a	n/a	n/a	n/a	n/a	n/a	n/a	1473.078737	n/a
1475.399665	0.000000	295080	ttl	4	71	n/a	n/a	n/a	n/a	n/a	n/a	n/a	n/a	n/a	n/a	n/a	n/a	n/a	n/a	n/a	n/a	n/a	n/a	n/a	n/a	n/a	1475.399665	n/a
1475.417893	0.000000	295084	ttl	11	71	n/a	n/a	n/a	n/a	n/a	n/a	n/a	n/a	n/a	n/a	n/a	n/a	n/a	n/a	n/a	n/a	n/a	n/a	n/a	n/a	n/a	1475.417893	n/a
1475.979836	1.527133	295196	scene_recognition	n/a	n/a	n/a	71.0	n/a	n/a	n/a	1475.41789325	n/a	0.21690468258748297	2	1	2	NB_9_frameA_foil.png	1	6	1477.7238734999999	0	83	n/a	n/a	intervals/recognition_table	82	1475.979836	1477.506969
1475.979836	0.000000	295196	ttl	1	71	n/a	n/a	n/a	n/a	n/a	n/a	n/a	n/a	n/a	n/a	n/a	n/a	n/a	n/a	n/a	n/a	n/a	n/a	n/a	n/a	n/a	1475.979836	n/a
1477.506969	0.000000	295501	ttl	2	71	n/a	n/a	n/a	n/a	n/a	n/a	n/a	n/a	n/a	n/a	n/a	n/a	n/a	n/a	n/a	n/a	n/a	n/a	n/a	n/a	n/a	1477.506969	n/a
1477.723873	0.000000	295545	ttl	4	71	n/a	n/a	n/a	n/a	n/a	n/a	n/a	n/a	n/a	n/a	n/a	n/a	n/a	n/a	n/a	n/a	n/a	n/a	n/a	n/a	n/a	1477.723873	n/a
1477.734326	0.000000	295547	ttl	11	71	n/a	n/a	n/a	n/a	n/a	n/a	n/a	n/a	n/a	n/a	n/a	n/a	n/a	n/a	n/a	n/a	n/a	n/a	n/a	n/a	n/a	1477.734326	n/a
1478.316126	1.528023	295663	scene_recognition	n/a	n/a	n/a	71.0	n/a	n/a	n/a	1477.734326	n/a	3.5418675071414327	2	2	2	SB_6_frameA_foil.png	1	6	1483.3860164999999	0	84	n/a	n/a	intervals/recognition_table	83	1478.316126	1479.844149
1478.316126	0.000000	295663	ttl	1	71	n/a	n/a	n/a	n/a	n/a	n/a	n/a	n/a	n/a	n/a	n/a	n/a	n/a	n/a	n/a	n/a	n/a	n/a	n/a	n/a	n/a	1478.316126	n/a
1479.844149	0.000000	295969	ttl	2	71	n/a	n/a	n/a	n/a	n/a	n/a	n/a	n/a	n/a	n/a	n/a	n/a	n/a	n/a	n/a	n/a	n/a	n/a	n/a	n/a	n/a	1479.844149	n/a
1483.386016	0.000000	296677	ttl	4	71	n/a	n/a	n/a	n/a	n/a	n/a	n/a	n/a	n/a	n/a	n/a	n/a	n/a	n/a	n/a	n/a	n/a	n/a	n/a	n/a	n/a	1483.386016	n/a
1483.401689	0.000000	296680	ttl	11	71	n/a	n/a	n/a	n/a	n/a	n/a	n/a	n/a	n/a	n/a	n/a	n/a	n/a	n/a	n/a	n/a	n/a	n/a	n/a	n/a	n/a	1483.401689	n/a
1483.923630	1.527638	296785	scene_recognition	n/a	n/a	n/a	71.0	n/a	n/a	n/a	1483.40168875	n/a	1.1304181596788112	2	1	2	NB_23_frameA_foil.png	1	6	1486.5816865	0	85	n/a	n/a	intervals/recognition_table	84	1483.923630	1485.451268
1483.923630	0.000000	296785	ttl	1	71	n/a	n/a	n/a	n/a	n/a	n/a	n/a	n/a	n/a	n/a	n/a	n/a	n/a	n/a	n/a	n/a	n/a	n/a	n/a	n/a	n/a	1483.923630	n/a
1485.451268	0.000000	297090	ttl	2	71	n/a	n/a	n/a	n/a	n/a	n/a	n/a	n/a	n/a	n/a	n/a	n/a	n/a	n/a	n/a	n/a	n/a	n/a	n/a	n/a	n/a	1485.451268	n/a
1486.581686	0.000000	297316	ttl	4	71	n/a	n/a	n/a	n/a	n/a	n/a	n/a	n/a	n/a	n/a	n/a	n/a	n/a	n/a	n/a	n/a	n/a	n/a	n/a	n/a	n/a	1486.581686	n/a
1486.594193	0.000000	297319	ttl	11	71	n/a	n/a	n/a	n/a	n/a	n/a	n/a	n/a	n/a	n/a	n/a	n/a	n/a	n/a	n/a	n/a	n/a	n/a	n/a	n/a	n/a	1486.594193	n/a
1487.156094	1.527362	297431	scene_recognition	n/a	n/a	n/a	71.0	n/a	n/a	n/a	1486.5941934999998	n/a	0.6409093392285286	2	1	2	NB_19_frameB.png	2	3	1489.3243659999998	1	86	n/a	n/a	intervals/recognition_table	85	1487.156094	1488.683456
1487.156094	0.000000	297431	ttl	1	71	n/a	n/a	n/a	n/a	n/a	n/a	n/a	n/a	n/a	n/a	n/a	n/a	n/a	n/a	n/a	n/a	n/a	n/a	n/a	n/a	n/a	1487.156094	n/a
1488.683456	0.000000	297737	ttl	2	71	n/a	n/a	n/a	n/a	n/a	n/a	n/a	n/a	n/a	n/a	n/a	n/a	n/a	n/a	n/a	n/a	n/a	n/a	n/a	n/a	n/a	1488.683456	n/a
1489.324366	0.000000	297865	ttl	4	71	n/a	n/a	n/a	n/a	n/a	n/a	n/a	n/a	n/a	n/a	n/a	n/a	n/a	n/a	n/a	n/a	n/a	n/a	n/a	n/a	n/a	1489.324366	n/a
1489.337293	0.000000	297867	ttl	11	71	n/a	n/a	n/a	n/a	n/a	n/a	n/a	n/a	n/a	n/a	n/a	n/a	n/a	n/a	n/a	n/a	n/a	n/a	n/a	n/a	n/a	1489.337293	n/a
1489.939122	1.527387	297988	scene_recognition	n/a	n/a	n/a	71.0	n/a	n/a	n/a	1489.337293	n/a	0.5934812544146553	2	3	2	HB_6_frameA_foil.png	1	6	1492.05999	0	87	n/a	n/a	intervals/recognition_table	86	1489.939122	1491.466509
1489.939122	0.000000	297988	ttl	1	71	n/a	n/a	n/a	n/a	n/a	n/a	n/a	n/a	n/a	n/a	n/a	n/a	n/a	n/a	n/a	n/a	n/a	n/a	n/a	n/a	n/a	1489.939122	n/a
1491.466509	0.000000	298293	ttl	2	71	n/a	n/a	n/a	n/a	n/a	n/a	n/a	n/a	n/a	n/a	n/a	n/a	n/a	n/a	n/a	n/a	n/a	n/a	n/a	n/a	n/a	1491.466509	n/a
1492.059990	0.000000	298412	ttl	4	71	n/a	n/a	n/a	n/a	n/a	n/a	n/a	n/a	n/a	n/a	n/a	n/a	n/a	n/a	n/a	n/a	n/a	n/a	n/a	n/a	n/a	1492.059990	n/a
1492.083115	0.000000	298417	ttl	11	71	n/a	n/a	n/a	n/a	n/a	n/a	n/a	n/a	n/a	n/a	n/a	n/a	n/a	n/a	n/a	n/a	n/a	n/a	n/a	n/a	n/a	1492.083115	n/a
1492.584744	1.547834	298517	scene_recognition	n/a	n/a	n/a	71.0	n/a	n/a	n/a	1492.0831154999998	n/a	1.9257668484642636	2	2	2	SB_2_frameA.png	2	3	1496.0583447499998	1	88	n/a	n/a	intervals/recognition_table	87	1492.584744	1494.132578
1492.584744	0.000000	298517	ttl	1	71	n/a	n/a	n/a	n/a	n/a	n/a	n/a	n/a	n/a	n/a	n/a	n/a	n/a	n/a	n/a	n/a	n/a	n/a	n/a	n/a	n/a	1492.584744	n/a
1494.132578	0.000000	298827	ttl	2	71	n/a	n/a	n/a	n/a	n/a	n/a	n/a	n/a	n/a	n/a	n/a	n/a	n/a	n/a	n/a	n/a	n/a	n/a	n/a	n/a	n/a	1494.132578	n/a
1496.058345	0.000000	299212	ttl	4	71	n/a	n/a	n/a	n/a	n/a	n/a	n/a	n/a	n/a	n/a	n/a	n/a	n/a	n/a	n/a	n/a	n/a	n/a	n/a	n/a	n/a	1496.058345	n/a
1496.068765	0.000000	299214	ttl	11	71	n/a	n/a	n/a	n/a	n/a	n/a	n/a	n/a	n/a	n/a	n/a	n/a	n/a	n/a	n/a	n/a	n/a	n/a	n/a	n/a	n/a	1496.068765	n/a
1496.610557	1.547252	299322	scene_recognition	n/a	n/a	n/a	71.0	n/a	n/a	n/a	1496.0687655	n/a	1.6295106956677046	2	1	2	NB_27_frameB.png	2	3	1499.78732025	1	89	n/a	n/a	intervals/recognition_table	88	1496.610557	1498.157810
1496.610557	0.000000	299322	ttl	1	71	n/a	n/a	n/a	n/a	n/a	n/a	n/a	n/a	n/a	n/a	n/a	n/a	n/a	n/a	n/a	n/a	n/a	n/a	n/a	n/a	n/a	1496.610557	n/a
1498.157810	0.000000	299632	ttl	2	71	n/a	n/a	n/a	n/a	n/a	n/a	n/a	n/a	n/a	n/a	n/a	n/a	n/a	n/a	n/a	n/a	n/a	n/a	n/a	n/a	n/a	1498.157810	n/a
1499.787320	0.000000	299957	ttl	4	71	n/a	n/a	n/a	n/a	n/a	n/a	n/a	n/a	n/a	n/a	n/a	n/a	n/a	n/a	n/a	n/a	n/a	n/a	n/a	n/a	n/a	1499.787320	n/a
1499.805058	0.000000	299961	ttl	11	71	n/a	n/a	n/a	n/a	n/a	n/a	n/a	n/a	n/a	n/a	n/a	n/a	n/a	n/a	n/a	n/a	n/a	n/a	n/a	n/a	n/a	1499.805058	n/a
1500.366983	1.527351	300073	scene_recognition	n/a	n/a	n/a	71.0	n/a	n/a	n/a	1499.8050577499998	n/a	0.40690227640152443	2	3	2	HB_3_frameB_foil.png	1	6	1502.30123675	0	90	n/a	n/a	intervals/recognition_table	89	1500.366983	1501.894335
1500.366983	0.000000	300073	ttl	1	71	n/a	n/a	n/a	n/a	n/a	n/a	n/a	n/a	n/a	n/a	n/a	n/a	n/a	n/a	n/a	n/a	n/a	n/a	n/a	n/a	n/a	1500.366983	n/a
1501.894335	0.000000	300379	ttl	2	71	n/a	n/a	n/a	n/a	n/a	n/a	n/a	n/a	n/a	n/a	n/a	n/a	n/a	n/a	n/a	n/a	n/a	n/a	n/a	n/a	n/a	1501.894335	n/a
1502.301237	0.000000	300460	ttl	4	71	n/a	n/a	n/a	n/a	n/a	n/a	n/a	n/a	n/a	n/a	n/a	n/a	n/a	n/a	n/a	n/a	n/a	n/a	n/a	n/a	n/a	1502.301237	n/a
1502.321198	0.000000	300464	ttl	11	71	n/a	n/a	n/a	n/a	n/a	n/a	n/a	n/a	n/a	n/a	n/a	n/a	n/a	n/a	n/a	n/a	n/a	n/a	n/a	n/a	n/a	1502.321198	n/a
1502.842857	1.547885	300569	scene_recognition	n/a	n/a	n/a	71.0	n/a	n/a	n/a	1502.32119775	n/a	2.0904167823318858	2	2	2	SB_6_frameA_foil.png	1	6	1506.48115925	0	91	n/a	n/a	intervals/recognition_table	90	1502.842857	1504.390742
1502.842857	0.000000	300569	ttl	1	71	n/a	n/a	n/a	n/a	n/a	n/a	n/a	n/a	n/a	n/a	n/a	n/a	n/a	n/a	n/a	n/a	n/a	n/a	n/a	n/a	n/a	1502.842857	n/a
1504.390742	0.000000	300878	ttl	2	71	n/a	n/a	n/a	n/a	n/a	n/a	n/a	n/a	n/a	n/a	n/a	n/a	n/a	n/a	n/a	n/a	n/a	n/a	n/a	n/a	n/a	1504.390742	n/a
1506.481159	0.000000	301296	ttl	4	71	n/a	n/a	n/a	n/a	n/a	n/a	n/a	n/a	n/a	n/a	n/a	n/a	n/a	n/a	n/a	n/a	n/a	n/a	n/a	n/a	n/a	1506.481159	n/a
1506.487409	0.000000	301297	ttl	11	71	n/a	n/a	n/a	n/a	n/a	n/a	n/a	n/a	n/a	n/a	n/a	n/a	n/a	n/a	n/a	n/a	n/a	n/a	n/a	n/a	n/a	1506.487409	n/a
1507.069390	1.547124	301414	scene_recognition	n/a	n/a	n/a	71.0	n/a	n/a	n/a	1506.48740875	n/a	1.7200468086521141	2	3	2	HB_4_frameB.png	2	3	1510.3365609999998	1	92	n/a	n/a	intervals/recognition_table	91	1507.069390	1508.616514
1507.069390	0.000000	301414	ttl	1	71	n/a	n/a	n/a	n/a	n/a	n/a	n/a	n/a	n/a	n/a	n/a	n/a	n/a	n/a	n/a	n/a	n/a	n/a	n/a	n/a	n/a	1507.069390	n/a
1508.616514	0.000000	301723	ttl	2	71	n/a	n/a	n/a	n/a	n/a	n/a	n/a	n/a	n/a	n/a	n/a	n/a	n/a	n/a	n/a	n/a	n/a	n/a	n/a	n/a	n/a	1508.616514	n/a
1510.336561	0.000000	302067	ttl	4	71	n/a	n/a	n/a	n/a	n/a	n/a	n/a	n/a	n/a	n/a	n/a	n/a	n/a	n/a	n/a	n/a	n/a	n/a	n/a	n/a	n/a	1510.336561	n/a
1510.344316	0.000000	302069	ttl	11	71	n/a	n/a	n/a	n/a	n/a	n/a	n/a	n/a	n/a	n/a	n/a	n/a	n/a	n/a	n/a	n/a	n/a	n/a	n/a	n/a	n/a	1510.344316	n/a
1510.946454	1.527828	302189	scene_recognition	n/a	n/a	n/a	71.0	n/a	n/a	n/a	1510.3443157499999	n/a	0.809314803685993	2	1	2	NB_20_frameB_foil.png	1	6	1513.283596	0	93	n/a	n/a	intervals/recognition_table	92	1510.946454	1512.474281
1510.946454	0.000000	302189	ttl	1	71	n/a	n/a	n/a	n/a	n/a	n/a	n/a	n/a	n/a	n/a	n/a	n/a	n/a	n/a	n/a	n/a	n/a	n/a	n/a	n/a	n/a	1510.946454	n/a
1512.474281	0.000000	302495	ttl	2	71	n/a	n/a	n/a	n/a	n/a	n/a	n/a	n/a	n/a	n/a	n/a	n/a	n/a	n/a	n/a	n/a	n/a	n/a	n/a	n/a	n/a	1512.474281	n/a
1513.283596	0.000000	302657	ttl	4	71	n/a	n/a	n/a	n/a	n/a	n/a	n/a	n/a	n/a	n/a	n/a	n/a	n/a	n/a	n/a	n/a	n/a	n/a	n/a	n/a	n/a	1513.283596	n/a
1513.301732	0.000000	302660	ttl	11	71	n/a	n/a	n/a	n/a	n/a	n/a	n/a	n/a	n/a	n/a	n/a	n/a	n/a	n/a	n/a	n/a	n/a	n/a	n/a	n/a	n/a	1513.301732	n/a
1513.863670	1.547206	302773	scene_recognition	n/a	n/a	n/a	71.0	n/a	n/a	n/a	1513.30173225	n/a	1.211718212463893	2	1	2	NB_2_frameB_foil.png	1	6	1516.6225935	0	94	n/a	n/a	intervals/recognition_table	93	1513.863670	1515.410875
1513.863670	0.000000	302773	ttl	1	71	n/a	n/a	n/a	n/a	n/a	n/a	n/a	n/a	n/a	n/a	n/a	n/a	n/a	n/a	n/a	n/a	n/a	n/a	n/a	n/a	n/a	1513.863670	n/a
1515.410875	0.000000	303082	ttl	2	71	n/a	n/a	n/a	n/a	n/a	n/a	n/a	n/a	n/a	n/a	n/a	n/a	n/a	n/a	n/a	n/a	n/a	n/a	n/a	n/a	n/a	1515.410875	n/a
1516.622593	0.000000	303325	ttl	4	71	n/a	n/a	n/a	n/a	n/a	n/a	n/a	n/a	n/a	n/a	n/a	n/a	n/a	n/a	n/a	n/a	n/a	n/a	n/a	n/a	n/a	1516.622593	n/a
1516.638398	0.000000	303328	ttl	11	71	n/a	n/a	n/a	n/a	n/a	n/a	n/a	n/a	n/a	n/a	n/a	n/a	n/a	n/a	n/a	n/a	n/a	n/a	n/a	n/a	n/a	1516.638398	n/a
1517.160096	1.547269	303432	scene_recognition	n/a	n/a	n/a	71.0	n/a	n/a	n/a	1516.6383979999998	n/a	1.6659985890582902	2	3	2	HB_8_frameB.png	2	3	1520.373364	1	95	n/a	n/a	intervals/recognition_table	94	1517.160096	1518.707365
1517.160096	0.000000	303432	ttl	1	71	n/a	n/a	n/a	n/a	n/a	n/a	n/a	n/a	n/a	n/a	n/a	n/a	n/a	n/a	n/a	n/a	n/a	n/a	n/a	n/a	n/a	1517.160096	n/a
1518.707365	0.000000	303741	ttl	2	71	n/a	n/a	n/a	n/a	n/a	n/a	n/a	n/a	n/a	n/a	n/a	n/a	n/a	n/a	n/a	n/a	n/a	n/a	n/a	n/a	n/a	1518.707365	n/a
1520.373364	0.000000	304075	ttl	4	71	n/a	n/a	n/a	n/a	n/a	n/a	n/a	n/a	n/a	n/a	n/a	n/a	n/a	n/a	n/a	n/a	n/a	n/a	n/a	n/a	n/a	1520.373364	n/a
1520.383251	0.000000	304077	ttl	11	71	n/a	n/a	n/a	n/a	n/a	n/a	n/a	n/a	n/a	n/a	n/a	n/a	n/a	n/a	n/a	n/a	n/a	n/a	n/a	n/a	n/a	1520.383251	n/a
1520.985264	1.527314	304197	scene_recognition	n/a	n/a	n/a	71.0	n/a	n/a	n/a	1520.38325075	n/a	2.102022981736809	2	3	2	HB_2_frameA.png	2	3	1524.6146004999998	1	96	n/a	n/a	intervals/recognition_table	95	1520.985264	1522.512577
1520.985264	0.000000	304197	ttl	1	71	n/a	n/a	n/a	n/a	n/a	n/a	n/a	n/a	n/a	n/a	n/a	n/a	n/a	n/a	n/a	n/a	n/a	n/a	n/a	n/a	n/a	1520.985264	n/a
1522.512577	0.000000	304503	ttl	2	71	n/a	n/a	n/a	n/a	n/a	n/a	n/a	n/a	n/a	n/a	n/a	n/a	n/a	n/a	n/a	n/a	n/a	n/a	n/a	n/a	n/a	1522.512577	n/a
1524.614600	0.000000	304923	ttl	4	71	n/a	n/a	n/a	n/a	n/a	n/a	n/a	n/a	n/a	n/a	n/a	n/a	n/a	n/a	n/a	n/a	n/a	n/a	n/a	n/a	n/a	1524.614600	n/a
1524.623814	0.000000	304925	ttl	11	71	n/a	n/a	n/a	n/a	n/a	n/a	n/a	n/a	n/a	n/a	n/a	n/a	n/a	n/a	n/a	n/a	n/a	n/a	n/a	n/a	n/a	1524.623814	n/a
1525.225817	1.527356	305045	scene_recognition	n/a	n/a	n/a	71.0	n/a	n/a	n/a	1524.62381375	n/a	1.0342152870580321	2	2	2	SB_3_frameA.png	2	3	1527.78738875	1	97	n/a	n/a	intervals/recognition_table	96	1525.225817	1526.753174
1525.225817	0.000000	305045	ttl	1	71	n/a	n/a	n/a	n/a	n/a	n/a	n/a	n/a	n/a	n/a	n/a	n/a	n/a	n/a	n/a	n/a	n/a	n/a	n/a	n/a	n/a	1525.225817	n/a
1526.753174	0.000000	305351	ttl	2	71	n/a	n/a	n/a	n/a	n/a	n/a	n/a	n/a	n/a	n/a	n/a	n/a	n/a	n/a	n/a	n/a	n/a	n/a	n/a	n/a	n/a	1526.753174	n/a
1527.787389	0.000000	305557	ttl	4	71	n/a	n/a	n/a	n/a	n/a	n/a	n/a	n/a	n/a	n/a	n/a	n/a	n/a	n/a	n/a	n/a	n/a	n/a	n/a	n/a	n/a	1527.787389	n/a
1527.806097	0.000000	305561	ttl	11	71	n/a	n/a	n/a	n/a	n/a	n/a	n/a	n/a	n/a	n/a	n/a	n/a	n/a	n/a	n/a	n/a	n/a	n/a	n/a	n/a	n/a	1527.806097	n/a
1528.368101	1.547895	305674	scene_recognition	n/a	n/a	n/a	71.0	n/a	n/a	n/a	1527.8060974999999	n/a	2.496789726181305	2	3	2	HB_2_frameA.png	2	3	1532.41278575	1	98	n/a	n/a	intervals/recognition_table	97	1528.368101	1529.915996
1528.368101	0.000000	305674	ttl	1	71	n/a	n/a	n/a	n/a	n/a	n/a	n/a	n/a	n/a	n/a	n/a	n/a	n/a	n/a	n/a	n/a	n/a	n/a	n/a	n/a	n/a	1528.368101	n/a
1529.915996	0.000000	305983	ttl	2	71	n/a	n/a	n/a	n/a	n/a	n/a	n/a	n/a	n/a	n/a	n/a	n/a	n/a	n/a	n/a	n/a	n/a	n/a	n/a	n/a	n/a	1529.915996	n/a
1532.412786	0.000000	306483	ttl	4	71	n/a	n/a	n/a	n/a	n/a	n/a	n/a	n/a	n/a	n/a	n/a	n/a	n/a	n/a	n/a	n/a	n/a	n/a	n/a	n/a	n/a	1532.412786	n/a
1532.433998	0.000000	306487	ttl	11	71	n/a	n/a	n/a	n/a	n/a	n/a	n/a	n/a	n/a	n/a	n/a	n/a	n/a	n/a	n/a	n/a	n/a	n/a	n/a	n/a	n/a	1532.433998	n/a
1532.995881	1.527152	306599	scene_recognition	n/a	n/a	n/a	71.0	n/a	n/a	n/a	1532.433998	n/a	0.3944236827082932	2	3	2	HB_2_frameB_foil.png	1	6	1534.917457	0	99	n/a	n/a	intervals/recognition_table	98	1532.995881	1534.523033
1532.995881	0.000000	306599	ttl	1	71	n/a	n/a	n/a	n/a	n/a	n/a	n/a	n/a	n/a	n/a	n/a	n/a	n/a	n/a	n/a	n/a	n/a	n/a	n/a	n/a	n/a	1532.995881	n/a
1534.523033	0.000000	306905	ttl	2	71	n/a	n/a	n/a	n/a	n/a	n/a	n/a	n/a	n/a	n/a	n/a	n/a	n/a	n/a	n/a	n/a	n/a	n/a	n/a	n/a	n/a	1534.523033	n/a
1534.917457	0.000000	306983	ttl	4	71	n/a	n/a	n/a	n/a	n/a	n/a	n/a	n/a	n/a	n/a	n/a	n/a	n/a	n/a	n/a	n/a	n/a	n/a	n/a	n/a	n/a	1534.917457	n/a
1534.933983	0.000000	306987	ttl	11	71	n/a	n/a	n/a	n/a	n/a	n/a	n/a	n/a	n/a	n/a	n/a	n/a	n/a	n/a	n/a	n/a	n/a	n/a	n/a	n/a	n/a	1534.933983	n/a
1535.515991	1.547734	307103	scene_recognition	n/a	n/a	n/a	71.0	n/a	n/a	n/a	1534.93398275	n/a	1.6911888917238684	1	3	2	HB_1_frameB.png	1	6	1538.7549135	1	100	n/a	n/a	intervals/recognition_table	99	1535.515991	1537.063725
1535.515991	0.000000	307103	ttl	1	71	n/a	n/a	n/a	n/a	n/a	n/a	n/a	n/a	n/a	n/a	n/a	n/a	n/a	n/a	n/a	n/a	n/a	n/a	n/a	n/a	n/a	1535.515991	n/a
1537.063725	0.000000	307413	ttl	2	71	n/a	n/a	n/a	n/a	n/a	n/a	n/a	n/a	n/a	n/a	n/a	n/a	n/a	n/a	n/a	n/a	n/a	n/a	n/a	n/a	n/a	1537.063725	n/a
1538.754913	0.000000	307751	ttl	4	71	n/a	n/a	n/a	n/a	n/a	n/a	n/a	n/a	n/a	n/a	n/a	n/a	n/a	n/a	n/a	n/a	n/a	n/a	n/a	n/a	n/a	1538.754913	n/a
1538.777496	0.000000	307755	ttl	11	71	n/a	n/a	n/a	n/a	n/a	n/a	n/a	n/a	n/a	n/a	n/a	n/a	n/a	n/a	n/a	n/a	n/a	n/a	n/a	n/a	n/a	1538.777496	n/a
1539.339380	1.527213	307868	scene_recognition	n/a	n/a	n/a	71.0	n/a	n/a	n/a	1538.7774964999999	n/a	1.5574201906274538	2	3	3	HB_5_frameA_foil.png	1	7	1542.42401325	0	101	n/a	n/a	intervals/recognition_table	100	1539.339380	1540.866593
1539.339380	0.000000	307868	ttl	1	71	n/a	n/a	n/a	n/a	n/a	n/a	n/a	n/a	n/a	n/a	n/a	n/a	n/a	n/a	n/a	n/a	n/a	n/a	n/a	n/a	n/a	1539.339380	n/a
1540.866593	0.000000	308173	ttl	2	71	n/a	n/a	n/a	n/a	n/a	n/a	n/a	n/a	n/a	n/a	n/a	n/a	n/a	n/a	n/a	n/a	n/a	n/a	n/a	n/a	n/a	1540.866593	n/a
1542.424013	0.000000	308485	ttl	4	71	n/a	n/a	n/a	n/a	n/a	n/a	n/a	n/a	n/a	n/a	n/a	n/a	n/a	n/a	n/a	n/a	n/a	n/a	n/a	n/a	n/a	1542.424013	n/a
1542.440546	0.000000	308488	ttl	11	71	n/a	n/a	n/a	n/a	n/a	n/a	n/a	n/a	n/a	n/a	n/a	n/a	n/a	n/a	n/a	n/a	n/a	n/a	n/a	n/a	n/a	1542.440546	n/a
1543.042514	1.527296	308609	scene_recognition	n/a	n/a	n/a	71.0	n/a	n/a	n/a	1542.440546	n/a	2.75804540446552	1	3	3	HB_7_frameA.png	1	7	1547.32785475	1	102	n/a	n/a	intervals/recognition_table	101	1543.042514	1544.569809
1543.042514	0.000000	308609	ttl	1	71	n/a	n/a	n/a	n/a	n/a	n/a	n/a	n/a	n/a	n/a	n/a	n/a	n/a	n/a	n/a	n/a	n/a	n/a	n/a	n/a	n/a	1543.042514	n/a
1544.569809	0.000000	308914	ttl	2	71	n/a	n/a	n/a	n/a	n/a	n/a	n/a	n/a	n/a	n/a	n/a	n/a	n/a	n/a	n/a	n/a	n/a	n/a	n/a	n/a	n/a	1544.569809	n/a
1547.327855	0.000000	309466	ttl	4	71	n/a	n/a	n/a	n/a	n/a	n/a	n/a	n/a	n/a	n/a	n/a	n/a	n/a	n/a	n/a	n/a	n/a	n/a	n/a	n/a	n/a	1547.327855	n/a
1547.334848	0.000000	309467	ttl	11	71	n/a	n/a	n/a	n/a	n/a	n/a	n/a	n/a	n/a	n/a	n/a	n/a	n/a	n/a	n/a	n/a	n/a	n/a	n/a	n/a	n/a	1547.334848	n/a
1547.896733	1.527155	309579	scene_recognition	n/a	n/a	n/a	71.0	n/a	n/a	n/a	1547.3348482499998	n/a	2.4468501276132884	1	3	3	HB_5_frameA.png	1	7	1551.8707387499999	1	103	n/a	n/a	intervals/recognition_table	102	1547.896733	1549.423888
1547.896733	0.000000	309579	ttl	1	71	n/a	n/a	n/a	n/a	n/a	n/a	n/a	n/a	n/a	n/a	n/a	n/a	n/a	n/a	n/a	n/a	n/a	n/a	n/a	n/a	n/a	1547.896733	n/a
1549.423888	0.000000	309885	ttl	2	71	n/a	n/a	n/a	n/a	n/a	n/a	n/a	n/a	n/a	n/a	n/a	n/a	n/a	n/a	n/a	n/a	n/a	n/a	n/a	n/a	n/a	1549.423888	n/a
1551.870739	0.000000	310374	ttl	4	71	n/a	n/a	n/a	n/a	n/a	n/a	n/a	n/a	n/a	n/a	n/a	n/a	n/a	n/a	n/a	n/a	n/a	n/a	n/a	n/a	n/a	1551.870739	n/a
1551.880657	0.000000	310376	ttl	11	71	n/a	n/a	n/a	n/a	n/a	n/a	n/a	n/a	n/a	n/a	n/a	n/a	n/a	n/a	n/a	n/a	n/a	n/a	n/a	n/a	n/a	1551.880657	n/a
1552.422527	1.547175	310485	scene_recognition	n/a	n/a	n/a	71.0	n/a	n/a	n/a	1551.88065725	n/a	0.4978661705972627	1	3	3	HB_9_frameA_foil.png	2	2	1554.46756775	0	104	n/a	n/a	intervals/recognition_table	103	1552.422527	1553.969702
1552.422527	0.000000	310485	ttl	1	71	n/a	n/a	n/a	n/a	n/a	n/a	n/a	n/a	n/a	n/a	n/a	n/a	n/a	n/a	n/a	n/a	n/a	n/a	n/a	n/a	n/a	1552.422527	n/a
1553.969702	0.000000	310794	ttl	2	71	n/a	n/a	n/a	n/a	n/a	n/a	n/a	n/a	n/a	n/a	n/a	n/a	n/a	n/a	n/a	n/a	n/a	n/a	n/a	n/a	n/a	1553.969702	n/a
1554.467568	0.000000	310894	ttl	4	71	n/a	n/a	n/a	n/a	n/a	n/a	n/a	n/a	n/a	n/a	n/a	n/a	n/a	n/a	n/a	n/a	n/a	n/a	n/a	n/a	n/a	1554.467568	n/a
1554.492747	0.000000	310899	ttl	11	71	n/a	n/a	n/a	n/a	n/a	n/a	n/a	n/a	n/a	n/a	n/a	n/a	n/a	n/a	n/a	n/a	n/a	n/a	n/a	n/a	n/a	1554.492747	n/a
1555.074707	1.527810	311015	scene_recognition	n/a	n/a	n/a	71.0	n/a	n/a	n/a	1554.4927475	n/a	0.6784484932868509	1	3	3	HB_6_frameA.png	1	7	1557.2809654999999	1	105	n/a	n/a	intervals/recognition_table	104	1555.074707	1556.602517
1555.074707	0.000000	311015	ttl	1	71	n/a	n/a	n/a	n/a	n/a	n/a	n/a	n/a	n/a	n/a	n/a	n/a	n/a	n/a	n/a	n/a	n/a	n/a	n/a	n/a	n/a	1555.074707	n/a
1556.602517	0.000000	311321	ttl	2	71	n/a	n/a	n/a	n/a	n/a	n/a	n/a	n/a	n/a	n/a	n/a	n/a	n/a	n/a	n/a	n/a	n/a	n/a	n/a	n/a	n/a	1556.602517	n/a
1557.280965	0.000000	311456	ttl	4	71	n/a	n/a	n/a	n/a	n/a	n/a	n/a	n/a	n/a	n/a	n/a	n/a	n/a	n/a	n/a	n/a	n/a	n/a	n/a	n/a	n/a	1557.280965	n/a
1557.290991	0.000000	311458	ttl	11	71	n/a	n/a	n/a	n/a	n/a	n/a	n/a	n/a	n/a	n/a	n/a	n/a	n/a	n/a	n/a	n/a	n/a	n/a	n/a	n/a	n/a	1557.290991	n/a
1557.792648	1.527273	311559	scene_recognition	n/a	n/a	n/a	71.0	n/a	n/a	n/a	1557.29099075	n/a	1.529438214856782	2	2	2	SB_6_frameB_foil.png	1	6	1560.8493597499998	0	106	n/a	n/a	intervals/recognition_table	105	1557.792648	1559.319921
1557.792648	0.000000	311559	ttl	1	71	n/a	n/a	n/a	n/a	n/a	n/a	n/a	n/a	n/a	n/a	n/a	n/a	n/a	n/a	n/a	n/a	n/a	n/a	n/a	n/a	n/a	1557.792648	n/a
1559.319921	0.000000	311864	ttl	2	71	n/a	n/a	n/a	n/a	n/a	n/a	n/a	n/a	n/a	n/a	n/a	n/a	n/a	n/a	n/a	n/a	n/a	n/a	n/a	n/a	n/a	1559.319921	n/a
1560.849360	0.000000	312170	ttl	4	71	n/a	n/a	n/a	n/a	n/a	n/a	n/a	n/a	n/a	n/a	n/a	n/a	n/a	n/a	n/a	n/a	n/a	n/a	n/a	n/a	n/a	1560.849360	n/a
1560.870687	0.000000	312174	ttl	11	71	n/a	n/a	n/a	n/a	n/a	n/a	n/a	n/a	n/a	n/a	n/a	n/a	n/a	n/a	n/a	n/a	n/a	n/a	n/a	n/a	n/a	1560.870687	n/a
1561.452632	1.527410	312291	scene_recognition	n/a	n/a	n/a	71.0	n/a	n/a	n/a	1560.8706869999999	n/a	0.6807196264271624	2	2	2	SB_1_frameB.png	2	3	1563.6607615	1	107	n/a	n/a	intervals/recognition_table	106	1561.452632	1562.980042
1561.452632	0.000000	312291	ttl	1	71	n/a	n/a	n/a	n/a	n/a	n/a	n/a	n/a	n/a	n/a	n/a	n/a	n/a	n/a	n/a	n/a	n/a	n/a	n/a	n/a	n/a	1561.452632	n/a
1562.980042	0.000000	312596	ttl	2	71	n/a	n/a	n/a	n/a	n/a	n/a	n/a	n/a	n/a	n/a	n/a	n/a	n/a	n/a	n/a	n/a	n/a	n/a	n/a	n/a	n/a	1562.980042	n/a
1563.660762	0.000000	312732	ttl	4	71	n/a	n/a	n/a	n/a	n/a	n/a	n/a	n/a	n/a	n/a	n/a	n/a	n/a	n/a	n/a	n/a	n/a	n/a	n/a	n/a	n/a	1563.660762	n/a
1563.678653	0.000000	312736	ttl	11	71	n/a	n/a	n/a	n/a	n/a	n/a	n/a	n/a	n/a	n/a	n/a	n/a	n/a	n/a	n/a	n/a	n/a	n/a	n/a	n/a	n/a	1563.678653	n/a
1564.240517	1.547889	312848	scene_recognition	n/a	n/a	n/a	71.0	n/a	n/a	n/a	1563.6786527499999	n/a	2.4596380569855683	2	1	2	NB_21_frameB.png	2	3	1568.24804475	1	108	n/a	n/a	intervals/recognition_table	107	1564.240517	1565.788407
1564.240517	0.000000	312848	ttl	1	71	n/a	n/a	n/a	n/a	n/a	n/a	n/a	n/a	n/a	n/a	n/a	n/a	n/a	n/a	n/a	n/a	n/a	n/a	n/a	n/a	n/a	1564.240517	n/a
1565.788407	0.000000	313158	ttl	2	71	n/a	n/a	n/a	n/a	n/a	n/a	n/a	n/a	n/a	n/a	n/a	n/a	n/a	n/a	n/a	n/a	n/a	n/a	n/a	n/a	n/a	1565.788407	n/a
1568.248045	0.000000	313650	ttl	4	71	n/a	n/a	n/a	n/a	n/a	n/a	n/a	n/a	n/a	n/a	n/a	n/a	n/a	n/a	n/a	n/a	n/a	n/a	n/a	n/a	n/a	1568.248045	n/a
1568.271468	0.000000	313654	ttl	11	71	n/a	n/a	n/a	n/a	n/a	n/a	n/a	n/a	n/a	n/a	n/a	n/a	n/a	n/a	n/a	n/a	n/a	n/a	n/a	n/a	n/a	1568.271468	n/a
1568.833391	1.527778	313767	scene_recognition	n/a	n/a	n/a	71.0	n/a	n/a	n/a	1568.27146825	n/a	0.46592474504723214	2	3	3	HB_2_frameB_foil.png	1	7	1570.82709375	0	109	n/a	n/a	intervals/recognition_table	108	1568.833391	1570.361169
1568.833391	0.000000	313767	ttl	1	71	n/a	n/a	n/a	n/a	n/a	n/a	n/a	n/a	n/a	n/a	n/a	n/a	n/a	n/a	n/a	n/a	n/a	n/a	n/a	n/a	n/a	1568.833391	n/a
1570.361169	0.000000	314072	ttl	2	71	n/a	n/a	n/a	n/a	n/a	n/a	n/a	n/a	n/a	n/a	n/a	n/a	n/a	n/a	n/a	n/a	n/a	n/a	n/a	n/a	n/a	1570.361169	n/a
1570.827094	0.000000	314165	ttl	4	71	n/a	n/a	n/a	n/a	n/a	n/a	n/a	n/a	n/a	n/a	n/a	n/a	n/a	n/a	n/a	n/a	n/a	n/a	n/a	n/a	n/a	1570.827094	n/a
1570.846040	0.000000	314169	ttl	11	71	n/a	n/a	n/a	n/a	n/a	n/a	n/a	n/a	n/a	n/a	n/a	n/a	n/a	n/a	n/a	n/a	n/a	n/a	n/a	n/a	n/a	1570.846040	n/a
1571.407865	1.527411	314282	scene_recognition	n/a	n/a	n/a	71.0	n/a	n/a	n/a	1570.84604025	n/a	0.6987911408068612	2	1	2	NB_16_frameB_foil.png	1	6	1573.63406775	0	110	n/a	n/a	intervals/recognition_table	109	1571.407865	1572.935276
1571.407865	0.000000	314282	ttl	1	71	n/a	n/a	n/a	n/a	n/a	n/a	n/a	n/a	n/a	n/a	n/a	n/a	n/a	n/a	n/a	n/a	n/a	n/a	n/a	n/a	n/a	1571.407865	n/a
1572.935276	0.000000	314587	ttl	2	71	n/a	n/a	n/a	n/a	n/a	n/a	n/a	n/a	n/a	n/a	n/a	n/a	n/a	n/a	n/a	n/a	n/a	n/a	n/a	n/a	n/a	1572.935276	n/a
1573.634068	0.000000	314727	ttl	4	71	n/a	n/a	n/a	n/a	n/a	n/a	n/a	n/a	n/a	n/a	n/a	n/a	n/a	n/a	n/a	n/a	n/a	n/a	n/a	n/a	n/a	1573.634068	n/a
1573.644073	0.000000	314729	ttl	11	71	n/a	n/a	n/a	n/a	n/a	n/a	n/a	n/a	n/a	n/a	n/a	n/a	n/a	n/a	n/a	n/a	n/a	n/a	n/a	n/a	n/a	1573.644073	n/a
1574.185867	1.527850	314837	scene_recognition	n/a	n/a	n/a	71.0	n/a	n/a	n/a	1573.6440727499999	n/a	1.9994867498025997	2	2	2	SB_2_frameB_foil.png	1	6	1577.7132037499998	0	111	n/a	n/a	intervals/recognition_table	110	1574.185867	1575.713717
1574.185867	0.000000	314837	ttl	1	71	n/a	n/a	n/a	n/a	n/a	n/a	n/a	n/a	n/a	n/a	n/a	n/a	n/a	n/a	n/a	n/a	n/a	n/a	n/a	n/a	n/a	1574.185867	n/a
1575.713717	0.000000	315143	ttl	2	71	n/a	n/a	n/a	n/a	n/a	n/a	n/a	n/a	n/a	n/a	n/a	n/a	n/a	n/a	n/a	n/a	n/a	n/a	n/a	n/a	n/a	1575.713717	n/a
1577.713204	0.000000	315543	ttl	4	71	n/a	n/a	n/a	n/a	n/a	n/a	n/a	n/a	n/a	n/a	n/a	n/a	n/a	n/a	n/a	n/a	n/a	n/a	n/a	n/a	n/a	1577.713204	n/a
1577.735892	0.000000	315547	ttl	11	71	n/a	n/a	n/a	n/a	n/a	n/a	n/a	n/a	n/a	n/a	n/a	n/a	n/a	n/a	n/a	n/a	n/a	n/a	n/a	n/a	n/a	1577.735892	n/a
1578.257627	1.527248	315652	scene_recognition	n/a	n/a	n/a	71.0	n/a	n/a	n/a	1577.7358917499998	n/a	0.9876563948346302	1	2	2	SB_8_frameB.png	1	6	1580.77253125	1	112	n/a	n/a	intervals/recognition_table	111	1578.257627	1579.784875
1578.257627	0.000000	315652	ttl	1	71	n/a	n/a	n/a	n/a	n/a	n/a	n/a	n/a	n/a	n/a	n/a	n/a	n/a	n/a	n/a	n/a	n/a	n/a	n/a	n/a	n/a	1578.257627	n/a
1579.784875	0.000000	315957	ttl	2	71	n/a	n/a	n/a	n/a	n/a	n/a	n/a	n/a	n/a	n/a	n/a	n/a	n/a	n/a	n/a	n/a	n/a	n/a	n/a	n/a	n/a	1579.784875	n/a
1580.772531	0.000000	316155	ttl	4	71	n/a	n/a	n/a	n/a	n/a	n/a	n/a	n/a	n/a	n/a	n/a	n/a	n/a	n/a	n/a	n/a	n/a	n/a	n/a	n/a	n/a	1580.772531	n/a
1580.795635	0.000000	316159	ttl	11	71	n/a	n/a	n/a	n/a	n/a	n/a	n/a	n/a	n/a	n/a	n/a	n/a	n/a	n/a	n/a	n/a	n/a	n/a	n/a	n/a	n/a	1580.795635	n/a
1581.377426	1.527352	316275	scene_recognition	n/a	n/a	n/a	71.0	n/a	n/a	n/a	1580.7956347499999	n/a	0.2963912172272103	2	1	2	NB_25_frameA_foil.png	1	6	1583.201169	0	113	n/a	n/a	intervals/recognition_table	112	1581.377426	1582.904778
1581.377426	0.000000	316275	ttl	1	71	n/a	n/a	n/a	n/a	n/a	n/a	n/a	n/a	n/a	n/a	n/a	n/a	n/a	n/a	n/a	n/a	n/a	n/a	n/a	n/a	n/a	1581.377426	n/a
1582.904778	0.000000	316581	ttl	2	71	n/a	n/a	n/a	n/a	n/a	n/a	n/a	n/a	n/a	n/a	n/a	n/a	n/a	n/a	n/a	n/a	n/a	n/a	n/a	n/a	n/a	1582.904778	n/a
1583.201169	0.000000	316640	ttl	4	71	n/a	n/a	n/a	n/a	n/a	n/a	n/a	n/a	n/a	n/a	n/a	n/a	n/a	n/a	n/a	n/a	n/a	n/a	n/a	n/a	n/a	1583.201169	n/a
1583.223483	0.000000	316645	ttl	11	71	n/a	n/a	n/a	n/a	n/a	n/a	n/a	n/a	n/a	n/a	n/a	n/a	n/a	n/a	n/a	n/a	n/a	n/a	n/a	n/a	n/a	1583.223483	n/a
1583.725398	1.547219	316745	scene_recognition	n/a	n/a	n/a	71.0	n/a	n/a	n/a	1583.2234832499998	n/a	1.0115455263730837	1	1	2	NB_5_frameB.png	1	6	1586.28416275	1	114	n/a	n/a	intervals/recognition_table	113	1583.725398	1585.272617
1583.725398	0.000000	316745	ttl	1	71	n/a	n/a	n/a	n/a	n/a	n/a	n/a	n/a	n/a	n/a	n/a	n/a	n/a	n/a	n/a	n/a	n/a	n/a	n/a	n/a	n/a	1583.725398	n/a
1585.272617	0.000000	317055	ttl	2	71	n/a	n/a	n/a	n/a	n/a	n/a	n/a	n/a	n/a	n/a	n/a	n/a	n/a	n/a	n/a	n/a	n/a	n/a	n/a	n/a	n/a	1585.272617	n/a
1586.284163	0.000000	317257	ttl	4	71	n/a	n/a	n/a	n/a	n/a	n/a	n/a	n/a	n/a	n/a	n/a	n/a	n/a	n/a	n/a	n/a	n/a	n/a	n/a	n/a	n/a	1586.284163	n/a
1586.308904	0.000000	317262	ttl	11	71	n/a	n/a	n/a	n/a	n/a	n/a	n/a	n/a	n/a	n/a	n/a	n/a	n/a	n/a	n/a	n/a	n/a	n/a	n/a	n/a	n/a	1586.308904	n/a
1586.810618	1.527188	317362	scene_recognition	n/a	n/a	n/a	71.0	n/a	n/a	n/a	1586.30890375	n/a	2.681333739485126	1	2	3	SB_5_frameA.png	1	7	1591.01913975	1	115	n/a	n/a	intervals/recognition_table	114	1586.810618	1588.337806
1586.810618	0.000000	317362	ttl	1	71	n/a	n/a	n/a	n/a	n/a	n/a	n/a	n/a	n/a	n/a	n/a	n/a	n/a	n/a	n/a	n/a	n/a	n/a	n/a	n/a	n/a	1586.810618	n/a
1588.337806	0.000000	317668	ttl	2	71	n/a	n/a	n/a	n/a	n/a	n/a	n/a	n/a	n/a	n/a	n/a	n/a	n/a	n/a	n/a	n/a	n/a	n/a	n/a	n/a	n/a	1588.337806	n/a
1591.019140	0.000000	318204	ttl	4	71	n/a	n/a	n/a	n/a	n/a	n/a	n/a	n/a	n/a	n/a	n/a	n/a	n/a	n/a	n/a	n/a	n/a	n/a	n/a	n/a	n/a	1591.019140	n/a
1591.035397	0.000000	318207	ttl	11	71	n/a	n/a	n/a	n/a	n/a	n/a	n/a	n/a	n/a	n/a	n/a	n/a	n/a	n/a	n/a	n/a	n/a	n/a	n/a	n/a	n/a	1591.035397	n/a
1591.637438	1.547207	318327	scene_recognition	n/a	n/a	n/a	71.0	n/a	n/a	n/a	1591.03539725	n/a	1.3312243829132058	1	1	2	NB_3_frameB.png	1	6	1594.51586925	1	116	n/a	n/a	intervals/recognition_table	115	1591.637438	1593.184645
1591.637438	0.000000	318327	ttl	1	71	n/a	n/a	n/a	n/a	n/a	n/a	n/a	n/a	n/a	n/a	n/a	n/a	n/a	n/a	n/a	n/a	n/a	n/a	n/a	n/a	n/a	1591.637438	n/a
1593.184645	0.000000	318637	ttl	2	71	n/a	n/a	n/a	n/a	n/a	n/a	n/a	n/a	n/a	n/a	n/a	n/a	n/a	n/a	n/a	n/a	n/a	n/a	n/a	n/a	n/a	1593.184645	n/a
1594.515869	0.000000	318903	ttl	4	71	n/a	n/a	n/a	n/a	n/a	n/a	n/a	n/a	n/a	n/a	n/a	n/a	n/a	n/a	n/a	n/a	n/a	n/a	n/a	n/a	n/a	1594.515869	n/a
1594.540649	0.000000	318908	ttl	11	71	n/a	n/a	n/a	n/a	n/a	n/a	n/a	n/a	n/a	n/a	n/a	n/a	n/a	n/a	n/a	n/a	n/a	n/a	n/a	n/a	n/a	1594.540649	n/a
1595.142673	1.527753	319029	scene_recognition	n/a	n/a	n/a	71.0	n/a	n/a	n/a	1594.540649	n/a	1.9430199254566105	1	1	3	NB_12_frameA.png	1	7	1598.6134459999998	1	117	n/a	n/a	intervals/recognition_table	116	1595.142673	1596.670426
1595.142673	0.000000	319029	ttl	1	71	n/a	n/a	n/a	n/a	n/a	n/a	n/a	n/a	n/a	n/a	n/a	n/a	n/a	n/a	n/a	n/a	n/a	n/a	n/a	n/a	n/a	1595.142673	n/a
1596.670426	0.000000	319334	ttl	2	71	n/a	n/a	n/a	n/a	n/a	n/a	n/a	n/a	n/a	n/a	n/a	n/a	n/a	n/a	n/a	n/a	n/a	n/a	n/a	n/a	n/a	1596.670426	n/a
1598.613446	0.000000	319723	ttl	4	71	n/a	n/a	n/a	n/a	n/a	n/a	n/a	n/a	n/a	n/a	n/a	n/a	n/a	n/a	n/a	n/a	n/a	n/a	n/a	n/a	n/a	1598.613446	n/a
1598.629520	0.000000	319726	ttl	11	71	n/a	n/a	n/a	n/a	n/a	n/a	n/a	n/a	n/a	n/a	n/a	n/a	n/a	n/a	n/a	n/a	n/a	n/a	n/a	n/a	n/a	1598.629520	n/a
1599.131394	1.527822	319826	scene_recognition	n/a	n/a	n/a	71.0	n/a	n/a	n/a	1598.6295205	n/a	2.359994533137069	2	2	3	SB_1_frameB_foil.png	1	7	1603.01921025	0	118	n/a	n/a	intervals/recognition_table	117	1599.131394	1600.659216
1599.131394	0.000000	319826	ttl	1	71	n/a	n/a	n/a	n/a	n/a	n/a	n/a	n/a	n/a	n/a	n/a	n/a	n/a	n/a	n/a	n/a	n/a	n/a	n/a	n/a	n/a	1599.131394	n/a
1600.659216	0.000000	320132	ttl	2	71	n/a	n/a	n/a	n/a	n/a	n/a	n/a	n/a	n/a	n/a	n/a	n/a	n/a	n/a	n/a	n/a	n/a	n/a	n/a	n/a	n/a	1600.659216	n/a
1603.019210	0.000000	320604	ttl	4	71	n/a	n/a	n/a	n/a	n/a	n/a	n/a	n/a	n/a	n/a	n/a	n/a	n/a	n/a	n/a	n/a	n/a	n/a	n/a	n/a	n/a	1603.019210	n/a
1603.037942	0.000000	320608	ttl	11	71	n/a	n/a	n/a	n/a	n/a	n/a	n/a	n/a	n/a	n/a	n/a	n/a	n/a	n/a	n/a	n/a	n/a	n/a	n/a	n/a	n/a	1603.037942	n/a
1603.559683	1.527160	320712	scene_recognition	n/a	n/a	n/a	71.0	n/a	n/a	n/a	1603.03794225	n/a	1.5749191825307207	1	1	3	NB_28_frameB_foil.png	2	2	1606.6617615	0	119	n/a	n/a	intervals/recognition_table	118	1603.559683	1605.086842
1603.559683	0.000000	320712	ttl	1	71	n/a	n/a	n/a	n/a	n/a	n/a	n/a	n/a	n/a	n/a	n/a	n/a	n/a	n/a	n/a	n/a	n/a	n/a	n/a	n/a	n/a	1603.559683	n/a
1605.086842	0.000000	321017	ttl	2	71	n/a	n/a	n/a	n/a	n/a	n/a	n/a	n/a	n/a	n/a	n/a	n/a	n/a	n/a	n/a	n/a	n/a	n/a	n/a	n/a	n/a	1605.086842	n/a
1606.661762	0.000000	321332	ttl	4	71	n/a	n/a	n/a	n/a	n/a	n/a	n/a	n/a	n/a	n/a	n/a	n/a	n/a	n/a	n/a	n/a	n/a	n/a	n/a	n/a	n/a	1606.661762	n/a
1606.668832	0.000000	321334	ttl	11	71	n/a	n/a	n/a	n/a	n/a	n/a	n/a	n/a	n/a	n/a	n/a	n/a	n/a	n/a	n/a	n/a	n/a	n/a	n/a	n/a	n/a	1606.668832	n/a
1607.170677	1.547673	321434	scene_recognition	n/a	n/a	n/a	71.0	n/a	n/a	n/a	1606.66883225	n/a	2.5200725850154413	2	3	3	HB_2_frameA.png	2	2	1611.238423	1	120	n/a	n/a	intervals/recognition_table	119	1607.170677	1608.718350
1607.170677	0.000000	321434	ttl	1	71	n/a	n/a	n/a	n/a	n/a	n/a	n/a	n/a	n/a	n/a	n/a	n/a	n/a	n/a	n/a	n/a	n/a	n/a	n/a	n/a	n/a	1607.170677	n/a
1608.718350	0.000000	321744	ttl	2	71	n/a	n/a	n/a	n/a	n/a	n/a	n/a	n/a	n/a	n/a	n/a	n/a	n/a	n/a	n/a	n/a	n/a	n/a	n/a	n/a	n/a	1608.718350	n/a
1611.238423	0.000000	322248	ttl	4	71	n/a	n/a	n/a	n/a	n/a	n/a	n/a	n/a	n/a	n/a	n/a	n/a	n/a	n/a	n/a	n/a	n/a	n/a	n/a	n/a	n/a	1611.238423	n/a
1611.252775	0.000000	322251	ttl	11	71	n/a	n/a	n/a	n/a	n/a	n/a	n/a	n/a	n/a	n/a	n/a	n/a	n/a	n/a	n/a	n/a	n/a	n/a	n/a	n/a	n/a	1611.252775	n/a
1611.754537	1.547175	322351	scene_recognition	n/a	n/a	n/a	71.0	n/a	n/a	n/a	1611.25277525	n/a	1.268733997407253	2	1	3	NB_20_frameA.png	2	2	1614.5704465	1	121	n/a	n/a	intervals/recognition_table	120	1611.754537	1613.301712
1611.754537	0.000000	322351	ttl	1	71	n/a	n/a	n/a	n/a	n/a	n/a	n/a	n/a	n/a	n/a	n/a	n/a	n/a	n/a	n/a	n/a	n/a	n/a	n/a	n/a	n/a	1611.754537	n/a
1613.301712	0.000000	322660	ttl	2	71	n/a	n/a	n/a	n/a	n/a	n/a	n/a	n/a	n/a	n/a	n/a	n/a	n/a	n/a	n/a	n/a	n/a	n/a	n/a	n/a	n/a	1613.301712	n/a
1614.570446	0.000000	322914	ttl	4	71	n/a	n/a	n/a	n/a	n/a	n/a	n/a	n/a	n/a	n/a	n/a	n/a	n/a	n/a	n/a	n/a	n/a	n/a	n/a	n/a	n/a	1614.570446	n/a
1614.593500	0.000000	322919	ttl	11	71	n/a	n/a	n/a	n/a	n/a	n/a	n/a	n/a	n/a	n/a	n/a	n/a	n/a	n/a	n/a	n/a	n/a	n/a	n/a	n/a	n/a	1614.593500	n/a
1615.115283	1.547206	323023	scene_recognition	n/a	n/a	n/a	71.0	n/a	n/a	n/a	1614.59350025	n/a	1.6506550515041454	2	1	3	NB_9_frameB.png	2	2	1618.313144	1	122	n/a	n/a	intervals/recognition_table	121	1615.115283	1616.662489
1615.115283	0.000000	323023	ttl	1	71	n/a	n/a	n/a	n/a	n/a	n/a	n/a	n/a	n/a	n/a	n/a	n/a	n/a	n/a	n/a	n/a	n/a	n/a	n/a	n/a	n/a	1615.115283	n/a
1616.662489	0.000000	323332	ttl	2	71	n/a	n/a	n/a	n/a	n/a	n/a	n/a	n/a	n/a	n/a	n/a	n/a	n/a	n/a	n/a	n/a	n/a	n/a	n/a	n/a	n/a	1616.662489	n/a
1618.313144	0.000000	323663	ttl	4	71	n/a	n/a	n/a	n/a	n/a	n/a	n/a	n/a	n/a	n/a	n/a	n/a	n/a	n/a	n/a	n/a	n/a	n/a	n/a	n/a	n/a	1618.313144	n/a
1618.336710	0.000000	323667	ttl	11	71	n/a	n/a	n/a	n/a	n/a	n/a	n/a	n/a	n/a	n/a	n/a	n/a	n/a	n/a	n/a	n/a	n/a	n/a	n/a	n/a	n/a	1618.336710	n/a
1618.858519	1.547323	323772	scene_recognition	n/a	n/a	n/a	71.0	n/a	n/a	n/a	1618.3367105	n/a	0.7573793303017737	1	1	3	NB_7_frameB.png	1	7	1621.163221	1	123	n/a	n/a	intervals/recognition_table	122	1618.858519	1620.405841
1618.858519	0.000000	323772	ttl	1	71	n/a	n/a	n/a	n/a	n/a	n/a	n/a	n/a	n/a	n/a	n/a	n/a	n/a	n/a	n/a	n/a	n/a	n/a	n/a	n/a	n/a	1618.858519	n/a
1620.405841	0.000000	324081	ttl	2	71	n/a	n/a	n/a	n/a	n/a	n/a	n/a	n/a	n/a	n/a	n/a	n/a	n/a	n/a	n/a	n/a	n/a	n/a	n/a	n/a	n/a	1620.405841	n/a
1621.163221	0.000000	324233	ttl	4	71	n/a	n/a	n/a	n/a	n/a	n/a	n/a	n/a	n/a	n/a	n/a	n/a	n/a	n/a	n/a	n/a	n/a	n/a	n/a	n/a	n/a	1621.163221	n/a
1621.176208	0.000000	324235	ttl	11	71	n/a	n/a	n/a	n/a	n/a	n/a	n/a	n/a	n/a	n/a	n/a	n/a	n/a	n/a	n/a	n/a	n/a	n/a	n/a	n/a	n/a	1621.176208	n/a
1621.718003	1.547212	324344	scene_recognition	n/a	n/a	n/a	71.0	n/a	n/a	n/a	1621.1762079999999	n/a	1.693876790406648	1	1	3	NB_7_frameA_foil.png	2	2	1624.959091	0	124	n/a	n/a	intervals/recognition_table	123	1621.718003	1623.265214
1621.718003	0.000000	324344	ttl	1	71	n/a	n/a	n/a	n/a	n/a	n/a	n/a	n/a	n/a	n/a	n/a	n/a	n/a	n/a	n/a	n/a	n/a	n/a	n/a	n/a	n/a	1621.718003	n/a
1623.265214	0.000000	324653	ttl	2	71	n/a	n/a	n/a	n/a	n/a	n/a	n/a	n/a	n/a	n/a	n/a	n/a	n/a	n/a	n/a	n/a	n/a	n/a	n/a	n/a	n/a	1623.265214	n/a
1624.959091	0.000000	324992	ttl	4	71	n/a	n/a	n/a	n/a	n/a	n/a	n/a	n/a	n/a	n/a	n/a	n/a	n/a	n/a	n/a	n/a	n/a	n/a	n/a	n/a	n/a	1624.959091	n/a
1624.967543	0.000000	324994	ttl	11	71	n/a	n/a	n/a	n/a	n/a	n/a	n/a	n/a	n/a	n/a	n/a	n/a	n/a	n/a	n/a	n/a	n/a	n/a	n/a	n/a	n/a	1624.967543	n/a
1625.529423	1.527789	325106	scene_recognition	n/a	n/a	n/a	71.0	n/a	n/a	n/a	1624.9675432499998	n/a	1.3835786528215976	1	3	3	HB_6_frameB_foil.png	2	2	1628.4407912499998	0	125	n/a	n/a	intervals/recognition_table	124	1625.529423	1627.057212
1625.529423	0.000000	325106	ttl	1	71	n/a	n/a	n/a	n/a	n/a	n/a	n/a	n/a	n/a	n/a	n/a	n/a	n/a	n/a	n/a	n/a	n/a	n/a	n/a	n/a	n/a	1625.529423	n/a
1627.057212	0.000000	325411	ttl	2	71	n/a	n/a	n/a	n/a	n/a	n/a	n/a	n/a	n/a	n/a	n/a	n/a	n/a	n/a	n/a	n/a	n/a	n/a	n/a	n/a	n/a	1627.057212	n/a
1628.440791	0.000000	325688	ttl	4	71	n/a	n/a	n/a	n/a	n/a	n/a	n/a	n/a	n/a	n/a	n/a	n/a	n/a	n/a	n/a	n/a	n/a	n/a	n/a	n/a	n/a	1628.440791	n/a
1628.458594	0.000000	325692	ttl	11	71	n/a	n/a	n/a	n/a	n/a	n/a	n/a	n/a	n/a	n/a	n/a	n/a	n/a	n/a	n/a	n/a	n/a	n/a	n/a	n/a	n/a	1628.458594	n/a
1629.060615	1.527216	325812	scene_recognition	n/a	n/a	n/a	71.0	n/a	n/a	n/a	1628.4585937499999	n/a	1.4898245935473824	1	2	3	SB_1_frameA.png	1	7	1632.07765525	1	126	n/a	n/a	intervals/recognition_table	125	1629.060615	1630.587831
1629.060615	0.000000	325812	ttl	1	71	n/a	n/a	n/a	n/a	n/a	n/a	n/a	n/a	n/a	n/a	n/a	n/a	n/a	n/a	n/a	n/a	n/a	n/a	n/a	n/a	n/a	1629.060615	n/a
1630.587831	0.000000	326118	ttl	2	71	n/a	n/a	n/a	n/a	n/a	n/a	n/a	n/a	n/a	n/a	n/a	n/a	n/a	n/a	n/a	n/a	n/a	n/a	n/a	n/a	n/a	1630.587831	n/a
1632.077655	0.000000	326416	ttl	4	71	n/a	n/a	n/a	n/a	n/a	n/a	n/a	n/a	n/a	n/a	n/a	n/a	n/a	n/a	n/a	n/a	n/a	n/a	n/a	n/a	n/a	1632.077655	n/a
1632.092850	0.000000	326419	ttl	11	71	n/a	n/a	n/a	n/a	n/a	n/a	n/a	n/a	n/a	n/a	n/a	n/a	n/a	n/a	n/a	n/a	n/a	n/a	n/a	n/a	n/a	1632.092850	n/a
1632.614685	1.527186	326523	scene_recognition	n/a	n/a	n/a	71.0	n/a	n/a	n/a	1632.09284975	n/a	1.2470292301295558	1	2	3	SB_9_frameB.png	1	7	1635.3889004999999	1	127	n/a	n/a	intervals/recognition_table	126	1632.614685	1634.141871
1632.614685	0.000000	326523	ttl	1	71	n/a	n/a	n/a	n/a	n/a	n/a	n/a	n/a	n/a	n/a	n/a	n/a	n/a	n/a	n/a	n/a	n/a	n/a	n/a	n/a	n/a	1632.614685	n/a
1634.141871	0.000000	326828	ttl	2	71	n/a	n/a	n/a	n/a	n/a	n/a	n/a	n/a	n/a	n/a	n/a	n/a	n/a	n/a	n/a	n/a	n/a	n/a	n/a	n/a	n/a	1634.141871	n/a
1635.388900	0.000000	327078	ttl	4	71	n/a	n/a	n/a	n/a	n/a	n/a	n/a	n/a	n/a	n/a	n/a	n/a	n/a	n/a	n/a	n/a	n/a	n/a	n/a	n/a	n/a	1635.388900	n/a
1635.401817	0.000000	327080	ttl	11	71	n/a	n/a	n/a	n/a	n/a	n/a	n/a	n/a	n/a	n/a	n/a	n/a	n/a	n/a	n/a	n/a	n/a	n/a	n/a	n/a	n/a	1635.401817	n/a
1636.003932	1.547223	327201	scene_recognition	n/a	n/a	n/a	71.0	n/a	n/a	n/a	1635.4018174999999	n/a	2.1725632179004606	1	1	3	NB_13_frameB.png	1	7	1639.7237185	1	128	n/a	n/a	intervals/recognition_table	127	1636.003932	1637.551155
1636.003932	0.000000	327201	ttl	1	71	n/a	n/a	n/a	n/a	n/a	n/a	n/a	n/a	n/a	n/a	n/a	n/a	n/a	n/a	n/a	n/a	n/a	n/a	n/a	n/a	n/a	1636.003932	n/a
1637.551155	0.000000	327510	ttl	2	71	n/a	n/a	n/a	n/a	n/a	n/a	n/a	n/a	n/a	n/a	n/a	n/a	n/a	n/a	n/a	n/a	n/a	n/a	n/a	n/a	n/a	1637.551155	n/a
1639.723718	0.000000	327945	ttl	4	71	n/a	n/a	n/a	n/a	n/a	n/a	n/a	n/a	n/a	n/a	n/a	n/a	n/a	n/a	n/a	n/a	n/a	n/a	n/a	n/a	n/a	1639.723718	n/a
1639.734600	0.000000	327947	ttl	11	71	n/a	n/a	n/a	n/a	n/a	n/a	n/a	n/a	n/a	n/a	n/a	n/a	n/a	n/a	n/a	n/a	n/a	n/a	n/a	n/a	n/a	1639.734600	n/a
1640.236060	1.527433	328047	scene_recognition	n/a	n/a	n/a	71.0	n/a	n/a	n/a	1639.73459975	n/a	0.4006417121272534	2	2	3	SB_1_frameB.png	2	2	1642.16413475	1	129	n/a	n/a	intervals/recognition_table	128	1640.236060	1641.763493
1640.236060	0.000000	328047	ttl	1	71	n/a	n/a	n/a	n/a	n/a	n/a	n/a	n/a	n/a	n/a	n/a	n/a	n/a	n/a	n/a	n/a	n/a	n/a	n/a	n/a	n/a	1640.236060	n/a
1641.763493	0.000000	328353	ttl	2	71	n/a	n/a	n/a	n/a	n/a	n/a	n/a	n/a	n/a	n/a	n/a	n/a	n/a	n/a	n/a	n/a	n/a	n/a	n/a	n/a	n/a	1641.763493	n/a
1642.164135	0.000000	328433	ttl	4	71	n/a	n/a	n/a	n/a	n/a	n/a	n/a	n/a	n/a	n/a	n/a	n/a	n/a	n/a	n/a	n/a	n/a	n/a	n/a	n/a	n/a	1642.164135	n/a
1642.179648	0.000000	328436	ttl	11	71	n/a	n/a	n/a	n/a	n/a	n/a	n/a	n/a	n/a	n/a	n/a	n/a	n/a	n/a	n/a	n/a	n/a	n/a	n/a	n/a	n/a	1642.179648	n/a
1642.721474	1.528284	328544	scene_recognition	n/a	n/a	n/a	71.0	n/a	n/a	n/a	1642.1796479999998	n/a	1.159617909041117	2	3	3	HB_1_frameA_foil.png	1	7	1645.409377	0	130	n/a	n/a	intervals/recognition_table	129	1642.721474	1644.249759
1642.721474	0.000000	328544	ttl	1	71	n/a	n/a	n/a	n/a	n/a	n/a	n/a	n/a	n/a	n/a	n/a	n/a	n/a	n/a	n/a	n/a	n/a	n/a	n/a	n/a	n/a	1642.721474	n/a
1644.249759	0.000000	328850	ttl	2	71	n/a	n/a	n/a	n/a	n/a	n/a	n/a	n/a	n/a	n/a	n/a	n/a	n/a	n/a	n/a	n/a	n/a	n/a	n/a	n/a	n/a	1644.249759	n/a
1645.409377	0.000000	329082	ttl	4	71	n/a	n/a	n/a	n/a	n/a	n/a	n/a	n/a	n/a	n/a	n/a	n/a	n/a	n/a	n/a	n/a	n/a	n/a	n/a	n/a	n/a	1645.409377	n/a
1645.430791	0.000000	329086	ttl	11	71	n/a	n/a	n/a	n/a	n/a	n/a	n/a	n/a	n/a	n/a	n/a	n/a	n/a	n/a	n/a	n/a	n/a	n/a	n/a	n/a	n/a	1645.430791	n/a
1645.952527	1.527258	329191	scene_recognition	n/a	n/a	n/a	71.0	n/a	n/a	n/a	1645.4307912499999	n/a	2.2532665783073753	2	2	3	SB_4_frameA_foil.png	1	7	1649.7330519999998	0	131	n/a	n/a	intervals/recognition_table	130	1645.952527	1647.479785
1645.952527	0.000000	329191	ttl	1	71	n/a	n/a	n/a	n/a	n/a	n/a	n/a	n/a	n/a	n/a	n/a	n/a	n/a	n/a	n/a	n/a	n/a	n/a	n/a	n/a	n/a	1645.952527	n/a
1647.479785	0.000000	329496	ttl	2	71	n/a	n/a	n/a	n/a	n/a	n/a	n/a	n/a	n/a	n/a	n/a	n/a	n/a	n/a	n/a	n/a	n/a	n/a	n/a	n/a	n/a	1647.479785	n/a
1649.733052	0.000000	329947	ttl	4	71	n/a	n/a	n/a	n/a	n/a	n/a	n/a	n/a	n/a	n/a	n/a	n/a	n/a	n/a	n/a	n/a	n/a	n/a	n/a	n/a	n/a	1649.733052	n/a
1649.754221	0.000000	329951	ttl	11	71	n/a	n/a	n/a	n/a	n/a	n/a	n/a	n/a	n/a	n/a	n/a	n/a	n/a	n/a	n/a	n/a	n/a	n/a	n/a	n/a	n/a	1649.754221	n/a
1650.275980	1.527265	330055	scene_recognition	n/a	n/a	n/a	71.0	n/a	n/a	n/a	1649.7542207499998	n/a	2.259502597429673	1	2	3	SB_3_frameB_foil.png	2	2	1654.0627475	0	132	n/a	n/a	intervals/recognition_table	131	1650.275980	1651.803245
1650.275980	0.000000	330055	ttl	1	71	n/a	n/a	n/a	n/a	n/a	n/a	n/a	n/a	n/a	n/a	n/a	n/a	n/a	n/a	n/a	n/a	n/a	n/a	n/a	n/a	n/a	1650.275980	n/a
1651.803245	0.000000	330361	ttl	2	71	n/a	n/a	n/a	n/a	n/a	n/a	n/a	n/a	n/a	n/a	n/a	n/a	n/a	n/a	n/a	n/a	n/a	n/a	n/a	n/a	n/a	1651.803245	n/a
1654.062747	0.000000	330813	ttl	4	71	n/a	n/a	n/a	n/a	n/a	n/a	n/a	n/a	n/a	n/a	n/a	n/a	n/a	n/a	n/a	n/a	n/a	n/a	n/a	n/a	n/a	1654.062747	n/a
1654.078060	0.000000	330816	ttl	11	71	n/a	n/a	n/a	n/a	n/a	n/a	n/a	n/a	n/a	n/a	n/a	n/a	n/a	n/a	n/a	n/a	n/a	n/a	n/a	n/a	n/a	1654.078060	n/a
1654.679995	1.547241	330936	scene_recognition	n/a	n/a	n/a	71.0	n/a	n/a	n/a	1654.0780599999998	n/a	1.4621120102528948	1	2	3	SB_8_frameA.png	1	7	1657.6893475	1	133	n/a	n/a	intervals/recognition_table	132	1654.679995	1656.227236
1654.679995	0.000000	330936	ttl	1	71	n/a	n/a	n/a	n/a	n/a	n/a	n/a	n/a	n/a	n/a	n/a	n/a	n/a	n/a	n/a	n/a	n/a	n/a	n/a	n/a	n/a	1654.679995	n/a
1656.227236	0.000000	331245	ttl	2	71	n/a	n/a	n/a	n/a	n/a	n/a	n/a	n/a	n/a	n/a	n/a	n/a	n/a	n/a	n/a	n/a	n/a	n/a	n/a	n/a	n/a	1656.227236	n/a
1657.689347	0.000000	331538	ttl	4	71	n/a	n/a	n/a	n/a	n/a	n/a	n/a	n/a	n/a	n/a	n/a	n/a	n/a	n/a	n/a	n/a	n/a	n/a	n/a	n/a	n/a	1657.689347	n/a
1657.709177	0.000000	331542	ttl	11	71	n/a	n/a	n/a	n/a	n/a	n/a	n/a	n/a	n/a	n/a	n/a	n/a	n/a	n/a	n/a	n/a	n/a	n/a	n/a	n/a	n/a	1657.709177	n/a
1658.291143	1.547840	331658	scene_recognition	n/a	n/a	n/a	71.0	n/a	n/a	n/a	1657.7091765	n/a	3.2968251535785384	2	2	3	SB_2_frameB_foil.png	1	7	1663.13580875	0	134	n/a	n/a	intervals/recognition_table	133	1658.291143	1659.838983
1658.291143	0.000000	331658	ttl	1	71	n/a	n/a	n/a	n/a	n/a	n/a	n/a	n/a	n/a	n/a	n/a	n/a	n/a	n/a	n/a	n/a	n/a	n/a	n/a	n/a	n/a	1658.291143	n/a
1659.838983	0.000000	331968	ttl	2	71	n/a	n/a	n/a	n/a	n/a	n/a	n/a	n/a	n/a	n/a	n/a	n/a	n/a	n/a	n/a	n/a	n/a	n/a	n/a	n/a	n/a	1659.838983	n/a
1663.135809	0.000000	332627	ttl	4	71	n/a	n/a	n/a	n/a	n/a	n/a	n/a	n/a	n/a	n/a	n/a	n/a	n/a	n/a	n/a	n/a	n/a	n/a	n/a	n/a	n/a	1663.135809	n/a
1663.146127	0.000000	332629	ttl	11	71	n/a	n/a	n/a	n/a	n/a	n/a	n/a	n/a	n/a	n/a	n/a	n/a	n/a	n/a	n/a	n/a	n/a	n/a	n/a	n/a	n/a	1663.146127	n/a
1663.708016	1.527250	332742	scene_recognition	n/a	n/a	n/a	71.0	n/a	n/a	n/a	1663.146127	n/a	2.0397208818030776	2	2	3	SB_6_frameB.png	2	2	1667.2749864999998	1	135	n/a	n/a	intervals/recognition_table	134	1663.708016	1665.235266
1663.708016	0.000000	332742	ttl	1	71	n/a	n/a	n/a	n/a	n/a	n/a	n/a	n/a	n/a	n/a	n/a	n/a	n/a	n/a	n/a	n/a	n/a	n/a	n/a	n/a	n/a	1663.708016	n/a
1665.235266	0.000000	333047	ttl	2	71	n/a	n/a	n/a	n/a	n/a	n/a	n/a	n/a	n/a	n/a	n/a	n/a	n/a	n/a	n/a	n/a	n/a	n/a	n/a	n/a	n/a	1665.235266	n/a
1667.274986	0.000000	333455	ttl	4	71	n/a	n/a	n/a	n/a	n/a	n/a	n/a	n/a	n/a	n/a	n/a	n/a	n/a	n/a	n/a	n/a	n/a	n/a	n/a	n/a	n/a	1667.274986	n/a
1667.297559	0.000000	333460	ttl	11	71	n/a	n/a	n/a	n/a	n/a	n/a	n/a	n/a	n/a	n/a	n/a	n/a	n/a	n/a	n/a	n/a	n/a	n/a	n/a	n/a	n/a	1667.297559	n/a
1667.799315	1.547935	333560	scene_recognition	n/a	n/a	n/a	71.0	n/a	n/a	n/a	1667.2975589999999	n/a	1.4848213141958695	2	1	3	NB_5_frameA_foil.png	1	7	1670.8320715	0	136	n/a	n/a	intervals/recognition_table	135	1667.799315	1669.347250
1667.799315	0.000000	333560	ttl	1	71	n/a	n/a	n/a	n/a	n/a	n/a	n/a	n/a	n/a	n/a	n/a	n/a	n/a	n/a	n/a	n/a	n/a	n/a	n/a	n/a	n/a	1667.799315	n/a
1669.347250	0.000000	333869	ttl	2	71	n/a	n/a	n/a	n/a	n/a	n/a	n/a	n/a	n/a	n/a	n/a	n/a	n/a	n/a	n/a	n/a	n/a	n/a	n/a	n/a	n/a	1669.347250	n/a
1670.832071	0.000000	334166	ttl	4	71	n/a	n/a	n/a	n/a	n/a	n/a	n/a	n/a	n/a	n/a	n/a	n/a	n/a	n/a	n/a	n/a	n/a	n/a	n/a	n/a	n/a	1670.832071	n/a
1670.838516	0.000000	334168	ttl	11	71	n/a	n/a	n/a	n/a	n/a	n/a	n/a	n/a	n/a	n/a	n/a	n/a	n/a	n/a	n/a	n/a	n/a	n/a	n/a	n/a	n/a	1670.838516	n/a
1671.420365	1.527300	334284	scene_recognition	n/a	n/a	n/a	71.0	n/a	n/a	n/a	1670.8385165	n/a	2.269471990686725	2	1	3	NB_28_frameA.png	2	2	1675.21713675	1	137	n/a	n/a	intervals/recognition_table	136	1671.420365	1672.947665
1671.420365	0.000000	334284	ttl	1	71	n/a	n/a	n/a	n/a	n/a	n/a	n/a	n/a	n/a	n/a	n/a	n/a	n/a	n/a	n/a	n/a	n/a	n/a	n/a	n/a	n/a	1671.420365	n/a
1672.947665	0.000000	334590	ttl	2	71	n/a	n/a	n/a	n/a	n/a	n/a	n/a	n/a	n/a	n/a	n/a	n/a	n/a	n/a	n/a	n/a	n/a	n/a	n/a	n/a	n/a	1672.947665	n/a
1675.217137	0.000000	335043	ttl	4	71	n/a	n/a	n/a	n/a	n/a	n/a	n/a	n/a	n/a	n/a	n/a	n/a	n/a	n/a	n/a	n/a	n/a	n/a	n/a	n/a	n/a	1675.217137	n/a
1675.231224	0.000000	335046	ttl	11	71	n/a	n/a	n/a	n/a	n/a	n/a	n/a	n/a	n/a	n/a	n/a	n/a	n/a	n/a	n/a	n/a	n/a	n/a	n/a	n/a	n/a	1675.231224	n/a
1675.732918	1.547174	335147	scene_recognition	n/a	n/a	n/a	71.0	n/a	n/a	n/a	1675.23122375	n/a	2.0462155051063746	1	2	3	SB_1_frameA.png	1	7	1679.3263075	1	138	n/a	n/a	intervals/recognition_table	137	1675.732918	1677.280092
1675.732918	0.000000	335147	ttl	1	71	n/a	n/a	n/a	n/a	n/a	n/a	n/a	n/a	n/a	n/a	n/a	n/a	n/a	n/a	n/a	n/a	n/a	n/a	n/a	n/a	n/a	1675.732918	n/a
1677.280092	0.000000	335456	ttl	2	71	n/a	n/a	n/a	n/a	n/a	n/a	n/a	n/a	n/a	n/a	n/a	n/a	n/a	n/a	n/a	n/a	n/a	n/a	n/a	n/a	n/a	1677.280092	n/a
1679.326307	0.000000	335865	ttl	4	71	n/a	n/a	n/a	n/a	n/a	n/a	n/a	n/a	n/a	n/a	n/a	n/a	n/a	n/a	n/a	n/a	n/a	n/a	n/a	n/a	n/a	1679.326307	n/a
1679.347067	0.000000	335869	ttl	11	71	n/a	n/a	n/a	n/a	n/a	n/a	n/a	n/a	n/a	n/a	n/a	n/a	n/a	n/a	n/a	n/a	n/a	n/a	n/a	n/a	n/a	1679.347067	n/a
1679.928992	1.547335	335986	scene_recognition	n/a	n/a	n/a	71.0	n/a	n/a	n/a	1679.347067	n/a	1.281568113481626	2	1	3	NB_12_frameB_foil.png	1	7	1682.75789575	0	139	n/a	n/a	intervals/recognition_table	138	1679.928992	1681.476328
1679.928992	0.000000	335986	ttl	1	71	n/a	n/a	n/a	n/a	n/a	n/a	n/a	n/a	n/a	n/a	n/a	n/a	n/a	n/a	n/a	n/a	n/a	n/a	n/a	n/a	n/a	1679.928992	n/a
1681.476328	0.000000	336295	ttl	2	71	n/a	n/a	n/a	n/a	n/a	n/a	n/a	n/a	n/a	n/a	n/a	n/a	n/a	n/a	n/a	n/a	n/a	n/a	n/a	n/a	n/a	1681.476328	n/a
1682.757896	0.000000	336552	ttl	4	71	n/a	n/a	n/a	n/a	n/a	n/a	n/a	n/a	n/a	n/a	n/a	n/a	n/a	n/a	n/a	n/a	n/a	n/a	n/a	n/a	n/a	1682.757896	n/a
1682.767855	0.000000	336554	ttl	11	71	n/a	n/a	n/a	n/a	n/a	n/a	n/a	n/a	n/a	n/a	n/a	n/a	n/a	n/a	n/a	n/a	n/a	n/a	n/a	n/a	n/a	1682.767855	n/a
1683.309673	1.527859	336662	scene_recognition	n/a	n/a	n/a	71.0	n/a	n/a	n/a	1682.76785525	n/a	1.5642505691794213	2	2	3	SB_9_frameB_foil.png	1	7	1686.4017832499999	0	140	n/a	n/a	intervals/recognition_table	139	1683.309673	1684.837533
1683.309673	0.000000	336662	ttl	1	71	n/a	n/a	n/a	n/a	n/a	n/a	n/a	n/a	n/a	n/a	n/a	n/a	n/a	n/a	n/a	n/a	n/a	n/a	n/a	n/a	n/a	1683.309673	n/a
1684.837533	0.000000	336968	ttl	2	71	n/a	n/a	n/a	n/a	n/a	n/a	n/a	n/a	n/a	n/a	n/a	n/a	n/a	n/a	n/a	n/a	n/a	n/a	n/a	n/a	n/a	1684.837533	n/a
1686.401783	0.000000	337280	ttl	4	71	n/a	n/a	n/a	n/a	n/a	n/a	n/a	n/a	n/a	n/a	n/a	n/a	n/a	n/a	n/a	n/a	n/a	n/a	n/a	n/a	n/a	1686.401783	n/a
1686.418032	0.000000	337284	ttl	11	71	n/a	n/a	n/a	n/a	n/a	n/a	n/a	n/a	n/a	n/a	n/a	n/a	n/a	n/a	n/a	n/a	n/a	n/a	n/a	n/a	n/a	1686.418032	n/a
1686.959854	1.547354	337392	scene_recognition	n/a	n/a	n/a	71.0	n/a	n/a	n/a	1686.4180325	n/a	0.5972251819330268	2	3	3	HB_5_frameB_foil.png	1	7	1689.1044335	0	141	n/a	n/a	intervals/recognition_table	140	1686.959854	1688.507208
1686.959854	0.000000	337392	ttl	1	71	n/a	n/a	n/a	n/a	n/a	n/a	n/a	n/a	n/a	n/a	n/a	n/a	n/a	n/a	n/a	n/a	n/a	n/a	n/a	n/a	n/a	1686.959854	n/a
1688.507208	0.000000	337701	ttl	2	71	n/a	n/a	n/a	n/a	n/a	n/a	n/a	n/a	n/a	n/a	n/a	n/a	n/a	n/a	n/a	n/a	n/a	n/a	n/a	n/a	n/a	1688.507208	n/a
1689.104433	0.000000	337821	ttl	4	71	n/a	n/a	n/a	n/a	n/a	n/a	n/a	n/a	n/a	n/a	n/a	n/a	n/a	n/a	n/a	n/a	n/a	n/a	n/a	n/a	n/a	1689.104433	n/a
1689.120907	0.000000	337824	ttl	11	71	n/a	n/a	n/a	n/a	n/a	n/a	n/a	n/a	n/a	n/a	n/a	n/a	n/a	n/a	n/a	n/a	n/a	n/a	n/a	n/a	n/a	1689.120907	n/a
1689.622309	1.547492	337924	scene_recognition	n/a	n/a	n/a	71.0	n/a	n/a	n/a	1689.12090675	n/a	2.184973792376695	1	2	3	SB_8_frameA_foil.png	2	2	1693.354775	0	142	n/a	n/a	intervals/recognition_table	141	1689.622309	1691.169801
1689.622309	0.000000	337924	ttl	1	71	n/a	n/a	n/a	n/a	n/a	n/a	n/a	n/a	n/a	n/a	n/a	n/a	n/a	n/a	n/a	n/a	n/a	n/a	n/a	n/a	n/a	1689.622309	n/a
1691.169801	0.000000	338234	ttl	2	71	n/a	n/a	n/a	n/a	n/a	n/a	n/a	n/a	n/a	n/a	n/a	n/a	n/a	n/a	n/a	n/a	n/a	n/a	n/a	n/a	n/a	1691.169801	n/a
1693.354775	0.000000	338671	ttl	4	71	n/a	n/a	n/a	n/a	n/a	n/a	n/a	n/a	n/a	n/a	n/a	n/a	n/a	n/a	n/a	n/a	n/a	n/a	n/a	n/a	n/a	1693.354775	n/a
1693.370488	0.000000	338674	ttl	11	71	n/a	n/a	n/a	n/a	n/a	n/a	n/a	n/a	n/a	n/a	n/a	n/a	n/a	n/a	n/a	n/a	n/a	n/a	n/a	n/a	n/a	1693.370488	n/a
1693.872013	1.547386	338774	scene_recognition	n/a	n/a	n/a	71.0	n/a	n/a	n/a	1693.3704885	n/a	2.161628656889661	1	1	3	NB_30_frameA.png	1	7	1697.5810275	1	143	n/a	n/a	intervals/recognition_table	142	1693.872013	1695.419399
1693.872013	0.000000	338774	ttl	1	71	n/a	n/a	n/a	n/a	n/a	n/a	n/a	n/a	n/a	n/a	n/a	n/a	n/a	n/a	n/a	n/a	n/a	n/a	n/a	n/a	n/a	1693.872013	n/a
1695.419399	0.000000	339084	ttl	2	71	n/a	n/a	n/a	n/a	n/a	n/a	n/a	n/a	n/a	n/a	n/a	n/a	n/a	n/a	n/a	n/a	n/a	n/a	n/a	n/a	n/a	1695.419399	n/a
1697.581027	0.000000	339516	ttl	4	71	n/a	n/a	n/a	n/a	n/a	n/a	n/a	n/a	n/a	n/a	n/a	n/a	n/a	n/a	n/a	n/a	n/a	n/a	n/a	n/a	n/a	1697.581027	n/a
1697.593743	0.000000	339519	ttl	11	71	n/a	n/a	n/a	n/a	n/a	n/a	n/a	n/a	n/a	n/a	n/a	n/a	n/a	n/a	n/a	n/a	n/a	n/a	n/a	n/a	n/a	1697.593743	n/a
1698.175695	1.527177	339635	scene_recognition	n/a	n/a	n/a	71.0	n/a	n/a	n/a	1697.5937434999998	n/a	0.6790348933718633	1	3	3	HB_2_frameB_foil.png	2	2	1700.381907	0	144	n/a	n/a	intervals/recognition_table	143	1698.175695	1699.702872
1698.175695	0.000000	339635	ttl	1	71	n/a	n/a	n/a	n/a	n/a	n/a	n/a	n/a	n/a	n/a	n/a	n/a	n/a	n/a	n/a	n/a	n/a	n/a	n/a	n/a	n/a	1698.175695	n/a
1699.702872	0.000000	339941	ttl	2	71	n/a	n/a	n/a	n/a	n/a	n/a	n/a	n/a	n/a	n/a	n/a	n/a	n/a	n/a	n/a	n/a	n/a	n/a	n/a	n/a	n/a	1699.702872	n/a
1700.381907	0.000000	340076	ttl	4	71	n/a	n/a	n/a	n/a	n/a	n/a	n/a	n/a	n/a	n/a	n/a	n/a	n/a	n/a	n/a	n/a	n/a	n/a	n/a	n/a	n/a	1700.381907	n/a
1700.389170	0.000000	340078	ttl	11	71	n/a	n/a	n/a	n/a	n/a	n/a	n/a	n/a	n/a	n/a	n/a	n/a	n/a	n/a	n/a	n/a	n/a	n/a	n/a	n/a	n/a	1700.389170	n/a
1700.910859	1.527271	340182	scene_recognition	n/a	n/a	n/a	71.0	n/a	n/a	n/a	1700.38917025	n/a	0.0	1	3	0	HB_2_frameA.png	0	1	1702.4391295	1	145	n/a	n/a	intervals/recognition_table	144	1700.910859	1702.438129
1700.910859	0.000000	340182	ttl	1	71	n/a	n/a	n/a	n/a	n/a	n/a	n/a	n/a	n/a	n/a	n/a	n/a	n/a	n/a	n/a	n/a	n/a	n/a	n/a	n/a	n/a	1700.910859	n/a
1702.438129	0.000000	340488	ttl	2	71	n/a	n/a	n/a	n/a	n/a	n/a	n/a	n/a	n/a	n/a	n/a	n/a	n/a	n/a	n/a	n/a	n/a	n/a	n/a	n/a	n/a	1702.438129	n/a
1704.375305	0.000000	340875	ttl	11	71	n/a	n/a	n/a	n/a	n/a	n/a	n/a	n/a	n/a	n/a	n/a	n/a	n/a	n/a	n/a	n/a	n/a	n/a	n/a	n/a	n/a	1704.375305	n/a
1704.896788	1.527355	340979	scene_recognition	n/a	n/a	n/a	71.0	n/a	n/a	n/a	1704.37530475	n/a	0.6221868806023849	1	1	3	NB_22_frameA.png	1	7	1707.04633025	1	146	n/a	n/a	intervals/recognition_table	145	1704.896788	1706.424143
1704.896788	0.000000	340979	ttl	1	71	n/a	n/a	n/a	n/a	n/a	n/a	n/a	n/a	n/a	n/a	n/a	n/a	n/a	n/a	n/a	n/a	n/a	n/a	n/a	n/a	n/a	1704.896788	n/a
1706.424143	0.000000	341285	ttl	2	71	n/a	n/a	n/a	n/a	n/a	n/a	n/a	n/a	n/a	n/a	n/a	n/a	n/a	n/a	n/a	n/a	n/a	n/a	n/a	n/a	n/a	1706.424143	n/a
1707.046330	0.000000	341409	ttl	4	71	n/a	n/a	n/a	n/a	n/a	n/a	n/a	n/a	n/a	n/a	n/a	n/a	n/a	n/a	n/a	n/a	n/a	n/a	n/a	n/a	n/a	1707.046330	n/a
1707.062574	0.000000	341413	ttl	11	71	n/a	n/a	n/a	n/a	n/a	n/a	n/a	n/a	n/a	n/a	n/a	n/a	n/a	n/a	n/a	n/a	n/a	n/a	n/a	n/a	n/a	1707.062574	n/a
1707.584260	1.527826	341517	scene_recognition	n/a	n/a	n/a	71.0	n/a	n/a	n/a	1707.06257375	n/a	2.2567987175425515	1	3	3	HB_3_frameA_foil.png	2	2	1711.3688842499998	0	147	n/a	n/a	intervals/recognition_table	146	1707.584260	1709.112085
1707.584260	0.000000	341517	ttl	1	71	n/a	n/a	n/a	n/a	n/a	n/a	n/a	n/a	n/a	n/a	n/a	n/a	n/a	n/a	n/a	n/a	n/a	n/a	n/a	n/a	n/a	1707.584260	n/a
1709.112085	0.000000	341822	ttl	2	71	n/a	n/a	n/a	n/a	n/a	n/a	n/a	n/a	n/a	n/a	n/a	n/a	n/a	n/a	n/a	n/a	n/a	n/a	n/a	n/a	n/a	1709.112085	n/a
1711.368884	0.000000	342274	ttl	4	71	n/a	n/a	n/a	n/a	n/a	n/a	n/a	n/a	n/a	n/a	n/a	n/a	n/a	n/a	n/a	n/a	n/a	n/a	n/a	n/a	n/a	1711.368884	n/a
1711.380079	0.000000	342276	ttl	11	71	n/a	n/a	n/a	n/a	n/a	n/a	n/a	n/a	n/a	n/a	n/a	n/a	n/a	n/a	n/a	n/a	n/a	n/a	n/a	n/a	n/a	1711.380079	n/a
1711.962017	1.527798	342392	scene_recognition	n/a	n/a	n/a	71.0	n/a	n/a	n/a	1711.380079	n/a	0.9265276663354598	1	2	3	SB_5_frameB.png	1	7	1714.4163425	1	148	n/a	n/a	intervals/recognition_table	147	1711.962017	1713.489815
1711.962017	0.000000	342392	ttl	1	71	n/a	n/a	n/a	n/a	n/a	n/a	n/a	n/a	n/a	n/a	n/a	n/a	n/a	n/a	n/a	n/a	n/a	n/a	n/a	n/a	n/a	1711.962017	n/a
1713.489815	0.000000	342698	ttl	2	71	n/a	n/a	n/a	n/a	n/a	n/a	n/a	n/a	n/a	n/a	n/a	n/a	n/a	n/a	n/a	n/a	n/a	n/a	n/a	n/a	n/a	1713.489815	n/a
1714.416342	0.000000	342883	ttl	4	71	n/a	n/a	n/a	n/a	n/a	n/a	n/a	n/a	n/a	n/a	n/a	n/a	n/a	n/a	n/a	n/a	n/a	n/a	n/a	n/a	n/a	1714.416342	n/a
1714.434948	0.000000	342887	ttl	11	71	n/a	n/a	n/a	n/a	n/a	n/a	n/a	n/a	n/a	n/a	n/a	n/a	n/a	n/a	n/a	n/a	n/a	n/a	n/a	n/a	n/a	1714.434948	n/a
1714.976788	1.527287	342995	scene_recognition	n/a	n/a	n/a	71.0	n/a	n/a	n/a	1714.4349479999998	n/a	1.527443430517451	1	1	3	NB_25_frameB.png	1	7	1718.0315182499999	1	149	n/a	n/a	intervals/recognition_table	148	1714.976788	1716.504075
1714.976788	0.000000	342995	ttl	1	71	n/a	n/a	n/a	n/a	n/a	n/a	n/a	n/a	n/a	n/a	n/a	n/a	n/a	n/a	n/a	n/a	n/a	n/a	n/a	n/a	n/a	1714.976788	n/a
1716.504075	0.000000	343301	ttl	2	71	n/a	n/a	n/a	n/a	n/a	n/a	n/a	n/a	n/a	n/a	n/a	n/a	n/a	n/a	n/a	n/a	n/a	n/a	n/a	n/a	n/a	1716.504075	n/a
1718.031518	0.000000	343606	ttl	4	71	n/a	n/a	n/a	n/a	n/a	n/a	n/a	n/a	n/a	n/a	n/a	n/a	n/a	n/a	n/a	n/a	n/a	n/a	n/a	n/a	n/a	1718.031518	n/a
1718.041815	0.000000	343608	ttl	11	71	n/a	n/a	n/a	n/a	n/a	n/a	n/a	n/a	n/a	n/a	n/a	n/a	n/a	n/a	n/a	n/a	n/a	n/a	n/a	n/a	n/a	1718.041815	n/a
1718.583442	1.547517	343717	scene_recognition	n/a	n/a	n/a	71.0	n/a	n/a	n/a	1718.04181475	n/a	1.4648158338677604	2	2	3	SB_9_frameA_foil.png	1	7	1721.595775	0	150	n/a	n/a	intervals/recognition_table	149	1718.583442	1720.130959
1718.583442	0.000000	343717	ttl	1	71	n/a	n/a	n/a	n/a	n/a	n/a	n/a	n/a	n/a	n/a	n/a	n/a	n/a	n/a	n/a	n/a	n/a	n/a	n/a	n/a	n/a	1718.583442	n/a
1720.130959	0.000000	344026	ttl	2	71	n/a	n/a	n/a	n/a	n/a	n/a	n/a	n/a	n/a	n/a	n/a	n/a	n/a	n/a	n/a	n/a	n/a	n/a	n/a	n/a	n/a	1720.130959	n/a
1721.595775	0.000000	344319	ttl	4	71	n/a	n/a	n/a	n/a	n/a	n/a	n/a	n/a	n/a	n/a	n/a	n/a	n/a	n/a	n/a	n/a	n/a	n/a	n/a	n/a	n/a	1721.595775	n/a
1721.616610	0.000000	344323	ttl	11	71	n/a	n/a	n/a	n/a	n/a	n/a	n/a	n/a	n/a	n/a	n/a	n/a	n/a	n/a	n/a	n/a	n/a	n/a	n/a	n/a	n/a	1721.616610	n/a
1722.218639	1.527096	344444	scene_recognition	n/a	n/a	n/a	71.0	n/a	n/a	n/a	1721.61661025	n/a	0.7163674828771036	1	2	3	SB_7_frameB.png	1	7	1724.462102	1	151	n/a	n/a	intervals/recognition_table	150	1722.218639	1723.745735
1722.218639	0.000000	344444	ttl	1	71	n/a	n/a	n/a	n/a	n/a	n/a	n/a	n/a	n/a	n/a	n/a	n/a	n/a	n/a	n/a	n/a	n/a	n/a	n/a	n/a	n/a	1722.218639	n/a
1723.745735	0.000000	344749	ttl	2	71	n/a	n/a	n/a	n/a	n/a	n/a	n/a	n/a	n/a	n/a	n/a	n/a	n/a	n/a	n/a	n/a	n/a	n/a	n/a	n/a	n/a	1723.745735	n/a
1724.462102	0.000000	344892	ttl	4	71	n/a	n/a	n/a	n/a	n/a	n/a	n/a	n/a	n/a	n/a	n/a	n/a	n/a	n/a	n/a	n/a	n/a	n/a	n/a	n/a	n/a	1724.462102	n/a
1724.474874	0.000000	344895	ttl	11	71	n/a	n/a	n/a	n/a	n/a	n/a	n/a	n/a	n/a	n/a	n/a	n/a	n/a	n/a	n/a	n/a	n/a	n/a	n/a	n/a	n/a	1724.474874	n/a
1725.076855	1.527241	345015	scene_recognition	n/a	n/a	n/a	71.0	n/a	n/a	n/a	1724.474874	n/a	1.8687507686263416	2	1	3	NB_24_frameA.png	2	2	1728.472847	1	152	n/a	n/a	intervals/recognition_table	151	1725.076855	1726.604096
1725.076855	0.000000	345015	ttl	1	71	n/a	n/a	n/a	n/a	n/a	n/a	n/a	n/a	n/a	n/a	n/a	n/a	n/a	n/a	n/a	n/a	n/a	n/a	n/a	n/a	n/a	1725.076855	n/a
1726.604096	0.000000	345321	ttl	2	71	n/a	n/a	n/a	n/a	n/a	n/a	n/a	n/a	n/a	n/a	n/a	n/a	n/a	n/a	n/a	n/a	n/a	n/a	n/a	n/a	n/a	1726.604096	n/a
1728.472847	0.000000	345695	ttl	4	71	n/a	n/a	n/a	n/a	n/a	n/a	n/a	n/a	n/a	n/a	n/a	n/a	n/a	n/a	n/a	n/a	n/a	n/a	n/a	n/a	n/a	1728.472847	n/a
1728.481133	0.000000	345696	ttl	11	71	n/a	n/a	n/a	n/a	n/a	n/a	n/a	n/a	n/a	n/a	n/a	n/a	n/a	n/a	n/a	n/a	n/a	n/a	n/a	n/a	n/a	1728.481133	n/a
1729.042918	1.527235	345809	scene_recognition	n/a	n/a	n/a	71.0	n/a	n/a	n/a	1728.481133	n/a	1.9696503109444166	2	3	3	HB_8_frameA_foil.png	1	7	1732.5398034999998	0	153	n/a	n/a	intervals/recognition_table	152	1729.042918	1730.570153
1729.042918	0.000000	345809	ttl	1	71	n/a	n/a	n/a	n/a	n/a	n/a	n/a	n/a	n/a	n/a	n/a	n/a	n/a	n/a	n/a	n/a	n/a	n/a	n/a	n/a	n/a	1729.042918	n/a
1730.570153	0.000000	346114	ttl	2	71	n/a	n/a	n/a	n/a	n/a	n/a	n/a	n/a	n/a	n/a	n/a	n/a	n/a	n/a	n/a	n/a	n/a	n/a	n/a	n/a	n/a	1730.570153	n/a
1732.539803	0.000000	346508	ttl	4	71	n/a	n/a	n/a	n/a	n/a	n/a	n/a	n/a	n/a	n/a	n/a	n/a	n/a	n/a	n/a	n/a	n/a	n/a	n/a	n/a	n/a	1732.539803	n/a
1732.558588	0.000000	346512	ttl	11	71	n/a	n/a	n/a	n/a	n/a	n/a	n/a	n/a	n/a	n/a	n/a	n/a	n/a	n/a	n/a	n/a	n/a	n/a	n/a	n/a	n/a	1732.558588	n/a
1733.080367	1.547425	346616	scene_recognition	n/a	n/a	n/a	71.0	n/a	n/a	n/a	1732.55858775	n/a	0.816055661678547	2	1	3	NB_29_frameB.png	2	2	1735.4438472499999	1	154	n/a	n/a	intervals/recognition_table	153	1733.080367	1734.627792
1733.080367	0.000000	346616	ttl	1	71	n/a	n/a	n/a	n/a	n/a	n/a	n/a	n/a	n/a	n/a	n/a	n/a	n/a	n/a	n/a	n/a	n/a	n/a	n/a	n/a	n/a	1733.080367	n/a
1734.627792	0.000000	346926	ttl	2	71	n/a	n/a	n/a	n/a	n/a	n/a	n/a	n/a	n/a	n/a	n/a	n/a	n/a	n/a	n/a	n/a	n/a	n/a	n/a	n/a	n/a	1734.627792	n/a
1735.443847	0.000000	347089	ttl	4	71	n/a	n/a	n/a	n/a	n/a	n/a	n/a	n/a	n/a	n/a	n/a	n/a	n/a	n/a	n/a	n/a	n/a	n/a	n/a	n/a	n/a	1735.443847	n/a
1735.463279	0.000000	347093	ttl	11	71	n/a	n/a	n/a	n/a	n/a	n/a	n/a	n/a	n/a	n/a	n/a	n/a	n/a	n/a	n/a	n/a	n/a	n/a	n/a	n/a	n/a	1735.463279	n/a
1736.005145	1.527120	347201	scene_recognition	n/a	n/a	n/a	71.0	n/a	n/a	n/a	1735.4632795	n/a	0.5372311042738147	1	1	3	NB_17_frameB.png	1	7	1738.0694959999998	1	155	n/a	n/a	intervals/recognition_table	154	1736.005145	1737.532265
1736.005145	0.000000	347201	ttl	1	71	n/a	n/a	n/a	n/a	n/a	n/a	n/a	n/a	n/a	n/a	n/a	n/a	n/a	n/a	n/a	n/a	n/a	n/a	n/a	n/a	n/a	1736.005145	n/a
1737.532265	0.000000	347506	ttl	2	71	n/a	n/a	n/a	n/a	n/a	n/a	n/a	n/a	n/a	n/a	n/a	n/a	n/a	n/a	n/a	n/a	n/a	n/a	n/a	n/a	n/a	1737.532265	n/a
1738.069496	0.000000	347614	ttl	4	71	n/a	n/a	n/a	n/a	n/a	n/a	n/a	n/a	n/a	n/a	n/a	n/a	n/a	n/a	n/a	n/a	n/a	n/a	n/a	n/a	n/a	1738.069496	n/a
1738.080616	0.000000	347616	ttl	11	71	n/a	n/a	n/a	n/a	n/a	n/a	n/a	n/a	n/a	n/a	n/a	n/a	n/a	n/a	n/a	n/a	n/a	n/a	n/a	n/a	n/a	1738.080616	n/a
1738.602181	1.527363	347720	scene_recognition	n/a	n/a	n/a	71.0	n/a	n/a	n/a	1738.080616	n/a	1.5973460569657618	1	3	3	HB_6_frameA.png	1	7	1741.7268904999999	1	156	n/a	n/a	intervals/recognition_table	155	1738.602181	1740.129544
1738.602181	0.000000	347720	ttl	1	71	n/a	n/a	n/a	n/a	n/a	n/a	n/a	n/a	n/a	n/a	n/a	n/a	n/a	n/a	n/a	n/a	n/a	n/a	n/a	n/a	n/a	1738.602181	n/a
1740.129544	0.000000	348026	ttl	2	71	n/a	n/a	n/a	n/a	n/a	n/a	n/a	n/a	n/a	n/a	n/a	n/a	n/a	n/a	n/a	n/a	n/a	n/a	n/a	n/a	n/a	1740.129544	n/a
1741.726890	0.000000	348345	ttl	4	71	n/a	n/a	n/a	n/a	n/a	n/a	n/a	n/a	n/a	n/a	n/a	n/a	n/a	n/a	n/a	n/a	n/a	n/a	n/a	n/a	n/a	1741.726890	n/a
1741.744196	0.000000	348349	ttl	11	71	n/a	n/a	n/a	n/a	n/a	n/a	n/a	n/a	n/a	n/a	n/a	n/a	n/a	n/a	n/a	n/a	n/a	n/a	n/a	n/a	n/a	1741.744196	n/a
1742.245976	1.527172	348449	scene_recognition	n/a	n/a	n/a	71.0	n/a	n/a	n/a	1741.74419575	n/a	0.519846715615131	2	2	3	SB_2_frameA.png	2	2	1744.292995	1	157	n/a	n/a	intervals/recognition_table	156	1742.245976	1743.773148
1742.245976	0.000000	348449	ttl	1	71	n/a	n/a	n/a	n/a	n/a	n/a	n/a	n/a	n/a	n/a	n/a	n/a	n/a	n/a	n/a	n/a	n/a	n/a	n/a	n/a	n/a	1742.245976	n/a
1743.773148	0.000000	348755	ttl	2	71	n/a	n/a	n/a	n/a	n/a	n/a	n/a	n/a	n/a	n/a	n/a	n/a	n/a	n/a	n/a	n/a	n/a	n/a	n/a	n/a	n/a	1743.773148	n/a
1744.292995	0.000000	348859	ttl	4	71	n/a	n/a	n/a	n/a	n/a	n/a	n/a	n/a	n/a	n/a	n/a	n/a	n/a	n/a	n/a	n/a	n/a	n/a	n/a	n/a	n/a	1744.292995	n/a
1744.313398	0.000000	348863	ttl	11	71	n/a	n/a	n/a	n/a	n/a	n/a	n/a	n/a	n/a	n/a	n/a	n/a	n/a	n/a	n/a	n/a	n/a	n/a	n/a	n/a	n/a	1744.313398	n/a
1744.855208	1.527147	348971	scene_recognition	n/a	n/a	n/a	71.0	n/a	n/a	n/a	1744.3133982499999	n/a	0.014962652960093692	1	2	3	SB_4_frameA.png	1	7	1746.39731725	1	158	n/a	n/a	intervals/recognition_table	157	1744.855208	1746.382355
1744.855208	0.000000	348971	ttl	1	71	n/a	n/a	n/a	n/a	n/a	n/a	n/a	n/a	n/a	n/a	n/a	n/a	n/a	n/a	n/a	n/a	n/a	n/a	n/a	n/a	n/a	1744.855208	n/a
1746.382355	0.000000	349276	ttl	2	71	n/a	n/a	n/a	n/a	n/a	n/a	n/a	n/a	n/a	n/a	n/a	n/a	n/a	n/a	n/a	n/a	n/a	n/a	n/a	n/a	n/a	1746.382355	n/a
1746.397317	0.000000	349279	ttl	4	71	n/a	n/a	n/a	n/a	n/a	n/a	n/a	n/a	n/a	n/a	n/a	n/a	n/a	n/a	n/a	n/a	n/a	n/a	n/a	n/a	n/a	1746.397317	n/a
1746.415577	0.000000	349283	ttl	11	71	n/a	n/a	n/a	n/a	n/a	n/a	n/a	n/a	n/a	n/a	n/a	n/a	n/a	n/a	n/a	n/a	n/a	n/a	n/a	n/a	n/a	1746.415577	n/a
1747.017629	1.527230	349404	scene_recognition	n/a	n/a	n/a	71.0	n/a	n/a	n/a	1746.4155772499998	n/a	1.1133307306008646	2	1	3	NB_26_frameB_foil.png	1	7	1749.6581899999999	0	159	n/a	n/a	intervals/recognition_table	158	1747.017629	1748.544859
1747.017629	0.000000	349404	ttl	1	71	n/a	n/a	n/a	n/a	n/a	n/a	n/a	n/a	n/a	n/a	n/a	n/a	n/a	n/a	n/a	n/a	n/a	n/a	n/a	n/a	n/a	1747.017629	n/a
1748.544859	0.000000	349709	ttl	2	71	n/a	n/a	n/a	n/a	n/a	n/a	n/a	n/a	n/a	n/a	n/a	n/a	n/a	n/a	n/a	n/a	n/a	n/a	n/a	n/a	n/a	1748.544859	n/a
1749.658190	0.000000	349932	ttl	4	71	n/a	n/a	n/a	n/a	n/a	n/a	n/a	n/a	n/a	n/a	n/a	n/a	n/a	n/a	n/a	n/a	n/a	n/a	n/a	n/a	n/a	1749.658190	n/a
1749.663209	0.000000	349933	ttl	11	71	n/a	n/a	n/a	n/a	n/a	n/a	n/a	n/a	n/a	n/a	n/a	n/a	n/a	n/a	n/a	n/a	n/a	n/a	n/a	n/a	n/a	1749.663209	n/a
1750.165040	1.547215	350033	scene_recognition	n/a	n/a	n/a	71.0	n/a	n/a	n/a	1749.6632089999998	n/a	1.3294670626200968	2	1	3	NB_24_frameB_foil.png	1	7	1753.04172225	0	160	n/a	n/a	intervals/recognition_table	159	1750.165040	1751.712255
1750.165040	0.000000	350033	ttl	1	71	n/a	n/a	n/a	n/a	n/a	n/a	n/a	n/a	n/a	n/a	n/a	n/a	n/a	n/a	n/a	n/a	n/a	n/a	n/a	n/a	n/a	1750.165040	n/a
1751.712255	0.000000	350342	ttl	2	71	n/a	n/a	n/a	n/a	n/a	n/a	n/a	n/a	n/a	n/a	n/a	n/a	n/a	n/a	n/a	n/a	n/a	n/a	n/a	n/a	n/a	1751.712255	n/a
1753.041722	0.000000	350608	ttl	4	71	n/a	n/a	n/a	n/a	n/a	n/a	n/a	n/a	n/a	n/a	n/a	n/a	n/a	n/a	n/a	n/a	n/a	n/a	n/a	n/a	n/a	1753.041722	n/a
1753.059452	0.000000	350612	ttl	11	71	n/a	n/a	n/a	n/a	n/a	n/a	n/a	n/a	n/a	n/a	n/a	n/a	n/a	n/a	n/a	n/a	n/a	n/a	n/a	n/a	n/a	1753.059452	n/a
1753.601293	1.547142	350720	scene_recognition	n/a	n/a	n/a	71.0	n/a	n/a	n/a	1753.0594522499998	n/a	2.725501321387128	2	3	3	HB_1_frameA_foil.png	1	7	1757.87393725	0	161	n/a	n/a	intervals/recognition_table	160	1753.601293	1755.148436
1753.601293	0.000000	350720	ttl	1	71	n/a	n/a	n/a	n/a	n/a	n/a	n/a	n/a	n/a	n/a	n/a	n/a	n/a	n/a	n/a	n/a	n/a	n/a	n/a	n/a	n/a	1753.601293	n/a
1755.148436	0.000000	351030	ttl	2	71	n/a	n/a	n/a	n/a	n/a	n/a	n/a	n/a	n/a	n/a	n/a	n/a	n/a	n/a	n/a	n/a	n/a	n/a	n/a	n/a	n/a	1755.148436	n/a
1757.873937	0.000000	351575	ttl	4	71	n/a	n/a	n/a	n/a	n/a	n/a	n/a	n/a	n/a	n/a	n/a	n/a	n/a	n/a	n/a	n/a	n/a	n/a	n/a	n/a	n/a	1757.873937	n/a
1757.897973	0.000000	351580	ttl	11	71	n/a	n/a	n/a	n/a	n/a	n/a	n/a	n/a	n/a	n/a	n/a	n/a	n/a	n/a	n/a	n/a	n/a	n/a	n/a	n/a	n/a	1757.897973	n/a
1758.479985	1.527177	351696	scene_recognition	n/a	n/a	n/a	71.0	n/a	n/a	n/a	1757.89797325	n/a	2.380872727444512	2	1	3	NB_2_frameA.png	2	2	1762.38803525	1	162	n/a	n/a	intervals/recognition_table	161	1758.479985	1760.007162
1758.479985	0.000000	351696	ttl	1	71	n/a	n/a	n/a	n/a	n/a	n/a	n/a	n/a	n/a	n/a	n/a	n/a	n/a	n/a	n/a	n/a	n/a	n/a	n/a	n/a	n/a	1758.479985	n/a
1760.007162	0.000000	352001	ttl	2	71	n/a	n/a	n/a	n/a	n/a	n/a	n/a	n/a	n/a	n/a	n/a	n/a	n/a	n/a	n/a	n/a	n/a	n/a	n/a	n/a	n/a	1760.007162	n/a
1762.388035	0.000000	352478	ttl	4	71	n/a	n/a	n/a	n/a	n/a	n/a	n/a	n/a	n/a	n/a	n/a	n/a	n/a	n/a	n/a	n/a	n/a	n/a	n/a	n/a	n/a	1762.388035	n/a
1762.406896	0.000000	352481	ttl	11	71	n/a	n/a	n/a	n/a	n/a	n/a	n/a	n/a	n/a	n/a	n/a	n/a	n/a	n/a	n/a	n/a	n/a	n/a	n/a	n/a	n/a	1762.406896	n/a
1762.928631	1.527145	352586	scene_recognition	n/a	n/a	n/a	71.0	n/a	n/a	n/a	1762.4068962499998	n/a	0.8436389900452923	2	1	3	NB_30_frameB_foil.png	1	7	1765.299415	0	163	n/a	n/a	intervals/recognition_table	162	1762.928631	1764.455776
1762.928631	0.000000	352586	ttl	1	71	n/a	n/a	n/a	n/a	n/a	n/a	n/a	n/a	n/a	n/a	n/a	n/a	n/a	n/a	n/a	n/a	n/a	n/a	n/a	n/a	n/a	1762.928631	n/a
1764.455776	0.000000	352891	ttl	2	71	n/a	n/a	n/a	n/a	n/a	n/a	n/a	n/a	n/a	n/a	n/a	n/a	n/a	n/a	n/a	n/a	n/a	n/a	n/a	n/a	n/a	1764.455776	n/a
1765.299415	0.000000	353060	ttl	4	71	n/a	n/a	n/a	n/a	n/a	n/a	n/a	n/a	n/a	n/a	n/a	n/a	n/a	n/a	n/a	n/a	n/a	n/a	n/a	n/a	n/a	1765.299415	n/a
1765.315747	0.000000	353063	ttl	11	71	n/a	n/a	n/a	n/a	n/a	n/a	n/a	n/a	n/a	n/a	n/a	n/a	n/a	n/a	n/a	n/a	n/a	n/a	n/a	n/a	n/a	1765.315747	n/a
1765.917769	1.527729	353184	scene_recognition	n/a	n/a	n/a	71.0	n/a	n/a	n/a	1765.31574725	n/a	2.177459407816059	2	1	3	NB_14_frameA.png	2	2	1769.6229575	1	164	n/a	n/a	intervals/recognition_table	163	1765.917769	1767.445498
1765.917769	0.000000	353184	ttl	1	71	n/a	n/a	n/a	n/a	n/a	n/a	n/a	n/a	n/a	n/a	n/a	n/a	n/a	n/a	n/a	n/a	n/a	n/a	n/a	n/a	n/a	1765.917769	n/a
1767.445498	0.000000	353489	ttl	2	71	n/a	n/a	n/a	n/a	n/a	n/a	n/a	n/a	n/a	n/a	n/a	n/a	n/a	n/a	n/a	n/a	n/a	n/a	n/a	n/a	n/a	1767.445498	n/a
1769.622957	0.000000	353925	ttl	4	71	n/a	n/a	n/a	n/a	n/a	n/a	n/a	n/a	n/a	n/a	n/a	n/a	n/a	n/a	n/a	n/a	n/a	n/a	n/a	n/a	n/a	1769.622957	n/a
1769.627798	0.000000	353926	ttl	11	71	n/a	n/a	n/a	n/a	n/a	n/a	n/a	n/a	n/a	n/a	n/a	n/a	n/a	n/a	n/a	n/a	n/a	n/a	n/a	n/a	n/a	1769.627798	n/a
1770.189732	1.548438	354038	scene_recognition	n/a	n/a	n/a	71.0	n/a	n/a	n/a	1769.6277985	n/a	2.868633282123483	1	2	3	SB_4_frameB.png	1	7	1774.60680325	1	165	n/a	n/a	intervals/recognition_table	164	1770.189732	1771.738170
1770.189732	0.000000	354038	ttl	1	71	n/a	n/a	n/a	n/a	n/a	n/a	n/a	n/a	n/a	n/a	n/a	n/a	n/a	n/a	n/a	n/a	n/a	n/a	n/a	n/a	n/a	1770.189732	n/a
1771.738170	0.000000	354348	ttl	2	71	n/a	n/a	n/a	n/a	n/a	n/a	n/a	n/a	n/a	n/a	n/a	n/a	n/a	n/a	n/a	n/a	n/a	n/a	n/a	n/a	n/a	1771.738170	n/a
1774.606803	0.000000	354921	ttl	4	71	n/a	n/a	n/a	n/a	n/a	n/a	n/a	n/a	n/a	n/a	n/a	n/a	n/a	n/a	n/a	n/a	n/a	n/a	n/a	n/a	n/a	1774.606803	n/a
1774.627515	0.000000	354926	ttl	11	71	n/a	n/a	n/a	n/a	n/a	n/a	n/a	n/a	n/a	n/a	n/a	n/a	n/a	n/a	n/a	n/a	n/a	n/a	n/a	n/a	n/a	1774.627515	n/a
1775.209484	1.527872	355042	scene_recognition	n/a	n/a	n/a	71.0	n/a	n/a	n/a	1774.62751525	n/a	1.329263455059845	1	1	3	NB_23_frameB.png	1	7	1778.0666195	1	166	n/a	n/a	intervals/recognition_table	165	1775.209484	1776.737356
1775.209484	0.000000	355042	ttl	1	71	n/a	n/a	n/a	n/a	n/a	n/a	n/a	n/a	n/a	n/a	n/a	n/a	n/a	n/a	n/a	n/a	n/a	n/a	n/a	n/a	n/a	1775.209484	n/a
1776.737356	0.000000	355347	ttl	2	71	n/a	n/a	n/a	n/a	n/a	n/a	n/a	n/a	n/a	n/a	n/a	n/a	n/a	n/a	n/a	n/a	n/a	n/a	n/a	n/a	n/a	1776.737356	n/a
1778.066619	0.000000	355613	ttl	4	71	n/a	n/a	n/a	n/a	n/a	n/a	n/a	n/a	n/a	n/a	n/a	n/a	n/a	n/a	n/a	n/a	n/a	n/a	n/a	n/a	n/a	1778.066619	n/a
1778.079025	0.000000	355616	ttl	11	71	n/a	n/a	n/a	n/a	n/a	n/a	n/a	n/a	n/a	n/a	n/a	n/a	n/a	n/a	n/a	n/a	n/a	n/a	n/a	n/a	n/a	1778.079025	n/a
1778.661081	1.527720	355732	scene_recognition	n/a	n/a	n/a	71.0	n/a	n/a	n/a	1778.07902475	n/a	0.14672403484291863	2	2	1	SB_1_frameA_foil.png	1	5	1780.3355259999998	0	167	n/a	n/a	intervals/recognition_table	166	1778.661081	1780.188802
1778.661081	0.000000	355732	ttl	1	71	n/a	n/a	n/a	n/a	n/a	n/a	n/a	n/a	n/a	n/a	n/a	n/a	n/a	n/a	n/a	n/a	n/a	n/a	n/a	n/a	n/a	1778.661081	n/a
1780.188802	0.000000	356038	ttl	2	71	n/a	n/a	n/a	n/a	n/a	n/a	n/a	n/a	n/a	n/a	n/a	n/a	n/a	n/a	n/a	n/a	n/a	n/a	n/a	n/a	n/a	1780.188802	n/a
1780.335526	0.000000	356067	ttl	4	71	n/a	n/a	n/a	n/a	n/a	n/a	n/a	n/a	n/a	n/a	n/a	n/a	n/a	n/a	n/a	n/a	n/a	n/a	n/a	n/a	n/a	1780.335526	n/a
1780.361780	0.000000	356072	ttl	11	71	n/a	n/a	n/a	n/a	n/a	n/a	n/a	n/a	n/a	n/a	n/a	n/a	n/a	n/a	n/a	n/a	n/a	n/a	n/a	n/a	n/a	1780.361780	n/a
1780.923653	1.527724	356185	scene_recognition	n/a	n/a	n/a	71.0	n/a	n/a	n/a	1780.3617802499998	n/a	1.0950947239034576	2	1	3	NB_6_frameA.png	2	2	1783.54647125	1	168	n/a	n/a	intervals/recognition_table	167	1780.923653	1782.451376
1780.923653	0.000000	356185	ttl	1	71	n/a	n/a	n/a	n/a	n/a	n/a	n/a	n/a	n/a	n/a	n/a	n/a	n/a	n/a	n/a	n/a	n/a	n/a	n/a	n/a	n/a	1780.923653	n/a
1782.451376	0.000000	356490	ttl	2	71	n/a	n/a	n/a	n/a	n/a	n/a	n/a	n/a	n/a	n/a	n/a	n/a	n/a	n/a	n/a	n/a	n/a	n/a	n/a	n/a	n/a	1782.451376	n/a
1783.546471	0.000000	356709	ttl	4	71	n/a	n/a	n/a	n/a	n/a	n/a	n/a	n/a	n/a	n/a	n/a	n/a	n/a	n/a	n/a	n/a	n/a	n/a	n/a	n/a	n/a	1783.546471	n/a
1783.567173	0.000000	356713	ttl	11	71	n/a	n/a	n/a	n/a	n/a	n/a	n/a	n/a	n/a	n/a	n/a	n/a	n/a	n/a	n/a	n/a	n/a	n/a	n/a	n/a	n/a	1783.567173	n/a
1784.109216	1.547169	356822	scene_recognition	n/a	n/a	n/a	71.0	n/a	n/a	n/a	1783.567173	n/a	1.2696005518519087	1	1	3	NB_10_frameA.png	1	7	1786.92598525	1	169	n/a	n/a	intervals/recognition_table	168	1784.109216	1785.656385
1784.109216	0.000000	356822	ttl	1	71	n/a	n/a	n/a	n/a	n/a	n/a	n/a	n/a	n/a	n/a	n/a	n/a	n/a	n/a	n/a	n/a	n/a	n/a	n/a	n/a	n/a	1784.109216	n/a
1785.656385	0.000000	357131	ttl	2	71	n/a	n/a	n/a	n/a	n/a	n/a	n/a	n/a	n/a	n/a	n/a	n/a	n/a	n/a	n/a	n/a	n/a	n/a	n/a	n/a	n/a	1785.656385	n/a
1786.925985	0.000000	357385	ttl	4	71	n/a	n/a	n/a	n/a	n/a	n/a	n/a	n/a	n/a	n/a	n/a	n/a	n/a	n/a	n/a	n/a	n/a	n/a	n/a	n/a	n/a	1786.925985	n/a
1786.943177	0.000000	357389	ttl	11	71	n/a	n/a	n/a	n/a	n/a	n/a	n/a	n/a	n/a	n/a	n/a	n/a	n/a	n/a	n/a	n/a	n/a	n/a	n/a	n/a	n/a	1786.943177	n/a
1787.464925	1.527638	357493	scene_recognition	n/a	n/a	n/a	71.0	n/a	n/a	n/a	1786.94317725	n/a	2.8879913480050163	1	1	3	NB_21_frameA_foil.png	2	2	1791.880555	0	170	n/a	n/a	intervals/recognition_table	169	1787.464925	1788.992564
1787.464925	0.000000	357493	ttl	1	71	n/a	n/a	n/a	n/a	n/a	n/a	n/a	n/a	n/a	n/a	n/a	n/a	n/a	n/a	n/a	n/a	n/a	n/a	n/a	n/a	n/a	1787.464925	n/a
1788.992564	0.000000	357799	ttl	2	71	n/a	n/a	n/a	n/a	n/a	n/a	n/a	n/a	n/a	n/a	n/a	n/a	n/a	n/a	n/a	n/a	n/a	n/a	n/a	n/a	n/a	1788.992564	n/a
1791.880555	0.000000	358376	ttl	4	71	n/a	n/a	n/a	n/a	n/a	n/a	n/a	n/a	n/a	n/a	n/a	n/a	n/a	n/a	n/a	n/a	n/a	n/a	n/a	n/a	n/a	1791.880555	n/a
1791.897296	0.000000	358379	ttl	11	71	n/a	n/a	n/a	n/a	n/a	n/a	n/a	n/a	n/a	n/a	n/a	n/a	n/a	n/a	n/a	n/a	n/a	n/a	n/a	n/a	n/a	1791.897296	n/a
1792.418895	1.548096	358484	scene_recognition	n/a	n/a	n/a	71.0	n/a	n/a	n/a	1791.89729575	n/a	1.1862204421777278	2	3	3	HB_5_frameB_foil.png	1	7	1795.15321125	0	171	n/a	n/a	intervals/recognition_table	170	1792.418895	1793.966991
1792.418895	0.000000	358484	ttl	1	71	n/a	n/a	n/a	n/a	n/a	n/a	n/a	n/a	n/a	n/a	n/a	n/a	n/a	n/a	n/a	n/a	n/a	n/a	n/a	n/a	n/a	1792.418895	n/a
1793.966991	0.000000	358793	ttl	2	71	n/a	n/a	n/a	n/a	n/a	n/a	n/a	n/a	n/a	n/a	n/a	n/a	n/a	n/a	n/a	n/a	n/a	n/a	n/a	n/a	n/a	1793.966991	n/a
1795.153211	0.000000	359031	ttl	4	71	n/a	n/a	n/a	n/a	n/a	n/a	n/a	n/a	n/a	n/a	n/a	n/a	n/a	n/a	n/a	n/a	n/a	n/a	n/a	n/a	n/a	1795.153211	n/a
1795.177945	0.000000	359036	ttl	11	71	n/a	n/a	n/a	n/a	n/a	n/a	n/a	n/a	n/a	n/a	n/a	n/a	n/a	n/a	n/a	n/a	n/a	n/a	n/a	n/a	n/a	1795.177945	n/a
1795.779971	1.547873	359156	scene_recognition	n/a	n/a	n/a	71.0	n/a	n/a	n/a	1795.177945	n/a	1.3734232563583646	1	3	3	HB_1_frameB_foil.png	2	2	1798.7012682499999	0	172	n/a	n/a	intervals/recognition_table	171	1795.779971	1797.327845
1795.779971	0.000000	359156	ttl	1	71	n/a	n/a	n/a	n/a	n/a	n/a	n/a	n/a	n/a	n/a	n/a	n/a	n/a	n/a	n/a	n/a	n/a	n/a	n/a	n/a	n/a	1795.779971	n/a
1797.327845	0.000000	359466	ttl	2	71	n/a	n/a	n/a	n/a	n/a	n/a	n/a	n/a	n/a	n/a	n/a	n/a	n/a	n/a	n/a	n/a	n/a	n/a	n/a	n/a	n/a	1797.327845	n/a
1798.701268	0.000000	359740	ttl	4	71	n/a	n/a	n/a	n/a	n/a	n/a	n/a	n/a	n/a	n/a	n/a	n/a	n/a	n/a	n/a	n/a	n/a	n/a	n/a	n/a	n/a	1798.701268	n/a
1798.717517	0.000000	359744	ttl	11	71	n/a	n/a	n/a	n/a	n/a	n/a	n/a	n/a	n/a	n/a	n/a	n/a	n/a	n/a	n/a	n/a	n/a	n/a	n/a	n/a	n/a	1798.717517	n/a
1799.299464	1.547867	359860	scene_recognition	n/a	n/a	n/a	71.0	n/a	n/a	n/a	1798.7175175	n/a	1.097180565702729	2	1	3	NB_8_frameB_foil.png	1	7	1801.9445125	0	173	n/a	n/a	intervals/recognition_table	172	1799.299464	1800.847332
1799.299464	0.000000	359860	ttl	1	71	n/a	n/a	n/a	n/a	n/a	n/a	n/a	n/a	n/a	n/a	n/a	n/a	n/a	n/a	n/a	n/a	n/a	n/a	n/a	n/a	n/a	1799.299464	n/a
1800.847332	0.000000	360169	ttl	2	71	n/a	n/a	n/a	n/a	n/a	n/a	n/a	n/a	n/a	n/a	n/a	n/a	n/a	n/a	n/a	n/a	n/a	n/a	n/a	n/a	n/a	1800.847332	n/a
1801.944512	0.000000	360389	ttl	4	71	n/a	n/a	n/a	n/a	n/a	n/a	n/a	n/a	n/a	n/a	n/a	n/a	n/a	n/a	n/a	n/a	n/a	n/a	n/a	n/a	n/a	1801.944512	n/a
1801.952881	0.000000	360391	ttl	11	71	n/a	n/a	n/a	n/a	n/a	n/a	n/a	n/a	n/a	n/a	n/a	n/a	n/a	n/a	n/a	n/a	n/a	n/a	n/a	n/a	n/a	1801.952881	n/a
1802.514576	1.547516	360503	scene_recognition	n/a	n/a	n/a	71.0	n/a	n/a	n/a	1801.9528814999999	n/a	0.27466050258954056	1	3	3	HB_6_frameB_foil.png	2	2	1804.3367524999999	0	174	n/a	n/a	intervals/recognition_table	173	1802.514576	1804.062092
1802.514576	0.000000	360503	ttl	1	71	n/a	n/a	n/a	n/a	n/a	n/a	n/a	n/a	n/a	n/a	n/a	n/a	n/a	n/a	n/a	n/a	n/a	n/a	n/a	n/a	n/a	1802.514576	n/a
1804.062092	0.000000	360812	ttl	2	71	n/a	n/a	n/a	n/a	n/a	n/a	n/a	n/a	n/a	n/a	n/a	n/a	n/a	n/a	n/a	n/a	n/a	n/a	n/a	n/a	n/a	1804.062092	n/a
1804.336752	0.000000	360867	ttl	4	71	n/a	n/a	n/a	n/a	n/a	n/a	n/a	n/a	n/a	n/a	n/a	n/a	n/a	n/a	n/a	n/a	n/a	n/a	n/a	n/a	n/a	1804.336752	n/a
1804.342871	0.000000	360869	ttl	11	71	n/a	n/a	n/a	n/a	n/a	n/a	n/a	n/a	n/a	n/a	n/a	n/a	n/a	n/a	n/a	n/a	n/a	n/a	n/a	n/a	n/a	1804.342871	n/a
1804.924651	1.547395	360985	scene_recognition	n/a	n/a	n/a	71.0	n/a	n/a	n/a	1804.3428709999998	n/a	1.620834395318525	1	3	3	HB_1_frameA_foil.png	2	2	1808.09288125	0	175	n/a	n/a	intervals/recognition_table	174	1804.924651	1806.472047
1804.924651	0.000000	360985	ttl	1	71	n/a	n/a	n/a	n/a	n/a	n/a	n/a	n/a	n/a	n/a	n/a	n/a	n/a	n/a	n/a	n/a	n/a	n/a	n/a	n/a	n/a	1804.924651	n/a
1806.472047	0.000000	361294	ttl	2	71	n/a	n/a	n/a	n/a	n/a	n/a	n/a	n/a	n/a	n/a	n/a	n/a	n/a	n/a	n/a	n/a	n/a	n/a	n/a	n/a	n/a	1806.472047	n/a
1808.092881	0.000000	361619	ttl	4	71	n/a	n/a	n/a	n/a	n/a	n/a	n/a	n/a	n/a	n/a	n/a	n/a	n/a	n/a	n/a	n/a	n/a	n/a	n/a	n/a	n/a	1808.092881	n/a
1808.100535	0.000000	361620	ttl	11	71	n/a	n/a	n/a	n/a	n/a	n/a	n/a	n/a	n/a	n/a	n/a	n/a	n/a	n/a	n/a	n/a	n/a	n/a	n/a	n/a	n/a	1808.100535	n/a
1808.662422	1.527210	361732	scene_recognition	n/a	n/a	n/a	71.0	n/a	n/a	n/a	1808.1005349999998	n/a	1.2237740736018168	2	3	3	HB_2_frameA_foil.png	1	7	1811.4134055	0	176	n/a	n/a	intervals/recognition_table	175	1808.662422	1810.189631
1808.662422	0.000000	361732	ttl	1	71	n/a	n/a	n/a	n/a	n/a	n/a	n/a	n/a	n/a	n/a	n/a	n/a	n/a	n/a	n/a	n/a	n/a	n/a	n/a	n/a	n/a	1808.662422	n/a
1810.189631	0.000000	362038	ttl	2	71	n/a	n/a	n/a	n/a	n/a	n/a	n/a	n/a	n/a	n/a	n/a	n/a	n/a	n/a	n/a	n/a	n/a	n/a	n/a	n/a	n/a	1810.189631	n/a
1811.413405	0.000000	362283	ttl	4	71	n/a	n/a	n/a	n/a	n/a	n/a	n/a	n/a	n/a	n/a	n/a	n/a	n/a	n/a	n/a	n/a	n/a	n/a	n/a	n/a	n/a	1811.413405	n/a
1811.492928	0.000000	362299	ttl	11	71	n/a	n/a	n/a	n/a	n/a	n/a	n/a	n/a	n/a	n/a	n/a	n/a	n/a	n/a	n/a	n/a	n/a	n/a	n/a	n/a	n/a	1811.492928	n/a
1812.057314	1.551549	362411	scene_recognition	n/a	n/a	n/a	71.0	n/a	n/a	n/a	1811.4929284999998	n/a	3.5059713843511418	1	2	2	SB_30_frameA.png	1	6	1817.1148345	1	177	n/a	n/a	intervals/recognition_table	176	1812.057314	1813.608863
1812.057314	0.000000	362411	ttl	1	71	n/a	n/a	n/a	n/a	n/a	n/a	n/a	n/a	n/a	n/a	n/a	n/a	n/a	n/a	n/a	n/a	n/a	n/a	n/a	n/a	n/a	1812.057314	n/a
1813.608863	0.000000	362722	ttl	2	71	n/a	n/a	n/a	n/a	n/a	n/a	n/a	n/a	n/a	n/a	n/a	n/a	n/a	n/a	n/a	n/a	n/a	n/a	n/a	n/a	n/a	1813.608863	n/a
1817.114834	0.000000	363423	ttl	4	71	n/a	n/a	n/a	n/a	n/a	n/a	n/a	n/a	n/a	n/a	n/a	n/a	n/a	n/a	n/a	n/a	n/a	n/a	n/a	n/a	n/a	1817.114834	n/a
1817.170361	0.000000	363434	ttl	11	71	n/a	n/a	n/a	n/a	n/a	n/a	n/a	n/a	n/a	n/a	n/a	n/a	n/a	n/a	n/a	n/a	n/a	n/a	n/a	n/a	n/a	1817.170361	n/a
1817.734545	1.515435	363547	scene_recognition	n/a	n/a	n/a	71.0	n/a	n/a	n/a	1817.170361	n/a	2.18114597100066	2	2	3	SB_30_frameB_foil.png	1	7	1821.4311255	0	178	n/a	n/a	intervals/recognition_table	177	1817.734545	1819.249979
1817.734545	0.000000	363547	ttl	1	71	n/a	n/a	n/a	n/a	n/a	n/a	n/a	n/a	n/a	n/a	n/a	n/a	n/a	n/a	n/a	n/a	n/a	n/a	n/a	n/a	n/a	1817.734545	n/a
1819.249979	0.000000	363850	ttl	2	71	n/a	n/a	n/a	n/a	n/a	n/a	n/a	n/a	n/a	n/a	n/a	n/a	n/a	n/a	n/a	n/a	n/a	n/a	n/a	n/a	n/a	1819.249979	n/a
1821.431126	0.000000	364286	ttl	4	71	n/a	n/a	n/a	n/a	n/a	n/a	n/a	n/a	n/a	n/a	n/a	n/a	n/a	n/a	n/a	n/a	n/a	n/a	n/a	n/a	n/a	1821.431126	n/a
1821.489766	0.000000	364298	ttl	11	71	n/a	n/a	n/a	n/a	n/a	n/a	n/a	n/a	n/a	n/a	n/a	n/a	n/a	n/a	n/a	n/a	n/a	n/a	n/a	n/a	n/a	1821.489766	n/a
1822.011346	1.500989	364402	scene_recognition	n/a	n/a	n/a	71.0	n/a	n/a	n/a	1821.4897657499998	n/a	0.22862680529942736	1	3	1	HB_30_frameB.png	1	5	1823.7409615	1	179	n/a	n/a	intervals/recognition_table	178	1822.011346	1823.512335
1822.011346	0.000000	364402	ttl	1	71	n/a	n/a	n/a	n/a	n/a	n/a	n/a	n/a	n/a	n/a	n/a	n/a	n/a	n/a	n/a	n/a	n/a	n/a	n/a	n/a	n/a	1822.011346	n/a
1823.512335	0.000000	364702	ttl	2	71	n/a	n/a	n/a	n/a	n/a	n/a	n/a	n/a	n/a	n/a	n/a	n/a	n/a	n/a	n/a	n/a	n/a	n/a	n/a	n/a	n/a	1823.512335	n/a
1823.740961	0.000000	364748	ttl	4	71	n/a	n/a	n/a	n/a	n/a	n/a	n/a	n/a	n/a	n/a	n/a	n/a	n/a	n/a	n/a	n/a	n/a	n/a	n/a	n/a	n/a	1823.740961	n/a
1823.801863	0.000000	364760	ttl	11	71	n/a	n/a	n/a	n/a	n/a	n/a	n/a	n/a	n/a	n/a	n/a	n/a	n/a	n/a	n/a	n/a	n/a	n/a	n/a	n/a	n/a	1823.801863	n/a
1824.295139	1.511653	364859	scene_recognition	n/a	n/a	n/a	71.0	n/a	n/a	n/a	1823.8018627499998	n/a	2.0253717005834915	1	3	1	HB_30_frameA_foil.png	2	4	1827.8321637499998	0	180	n/a	n/a	intervals/recognition_table	179	1824.295139	1825.806792
1824.295139	0.000000	364859	ttl	1	71	n/a	n/a	n/a	n/a	n/a	n/a	n/a	n/a	n/a	n/a	n/a	n/a	n/a	n/a	n/a	n/a	n/a	n/a	n/a	n/a	n/a	1824.295139	n/a
1825.806792	0.000000	365161	ttl	2	71	n/a	n/a	n/a	n/a	n/a	n/a	n/a	n/a	n/a	n/a	n/a	n/a	n/a	n/a	n/a	n/a	n/a	n/a	n/a	n/a	n/a	1825.806792	n/a
1827.832164	0.000000	365566	ttl	4	71	n/a	n/a	n/a	n/a	n/a	n/a	n/a	n/a	n/a	n/a	n/a	n/a	n/a	n/a	n/a	n/a	n/a	n/a	n/a	n/a	n/a	1827.832164	n/a
1827.884402	0.000000	365577	ttl	60	71	n/a	n/a	n/a	n/a	n/a	n/a	n/a	n/a	n/a	n/a	n/a	n/a	n/a	n/a	n/a	n/a	n/a	n/a	n/a	n/a	n/a	1827.884402	n/a
2137.634226	0.000000	427527	ttl	61	72	n/a	n/a	n/a	n/a	n/a	n/a	n/a	n/a	n/a	n/a	n/a	n/a	n/a	n/a	n/a	n/a	n/a	n/a	n/a	n/a	n/a	2137.634226	n/a
2137.686777	0.000000	427537	ttl	11	72	n/a	n/a	n/a	n/a	n/a	n/a	n/a	n/a	n/a	n/a	n/a	n/a	n/a	n/a	n/a	n/a	n/a	n/a	n/a	n/a	n/a	2137.686777	n/a
2138.369128	2.053934	427674	time_discrimination	n/a	n/a	n/a	72.0	n/a	n/a	n/a	2137.686777	n/a	0.0	1.0	2	0.0	SB_14_LongA.png	n/a	1	2140.42406125	n/a	1	1	2	intervals/timediscrimination_table	0	2138.369128	2140.423061
2138.369128	0.000000	427674	ttl	1	72	n/a	n/a	n/a	n/a	n/a	n/a	n/a	n/a	n/a	n/a	n/a	n/a	n/a	n/a	n/a	n/a	n/a	n/a	n/a	n/a	n/a	2138.369128	n/a
2140.423061	0.000000	428085	ttl	2	72	n/a	n/a	n/a	n/a	n/a	n/a	n/a	n/a	n/a	n/a	n/a	n/a	n/a	n/a	n/a	n/a	n/a	n/a	n/a	n/a	n/a	2140.423061	n/a
2141.945885	0.000000	428389	ttl	11	72	n/a	n/a	n/a	n/a	n/a	n/a	n/a	n/a	n/a	n/a	n/a	n/a	n/a	n/a	n/a	n/a	n/a	n/a	n/a	n/a	n/a	2141.945885	n/a
2142.588095	2.031699	428518	time_discrimination	n/a	n/a	n/a	72.0	n/a	n/a	n/a	2141.9458852499997	n/a	1.1362644633481978	2.0	3	3.0	HB_58_ShortA.png	n/a	2	2145.75605825	n/a	2	1	1	intervals/timediscrimination_table	1	2142.588095	2144.619794
2142.588095	0.000000	428518	ttl	1	72	n/a	n/a	n/a	n/a	n/a	n/a	n/a	n/a	n/a	n/a	n/a	n/a	n/a	n/a	n/a	n/a	n/a	n/a	n/a	n/a	n/a	2142.588095	n/a
2144.619794	0.000000	428924	ttl	2	72	n/a	n/a	n/a	n/a	n/a	n/a	n/a	n/a	n/a	n/a	n/a	n/a	n/a	n/a	n/a	n/a	n/a	n/a	n/a	n/a	n/a	2144.619794	n/a
2145.756058	0.000000	429151	ttl	4	72	n/a	n/a	n/a	n/a	n/a	n/a	n/a	n/a	n/a	n/a	n/a	n/a	n/a	n/a	n/a	n/a	n/a	n/a	n/a	n/a	n/a	2145.756058	n/a
2145.776264	0.000000	429155	ttl	11	72	n/a	n/a	n/a	n/a	n/a	n/a	n/a	n/a	n/a	n/a	n/a	n/a	n/a	n/a	n/a	n/a	n/a	n/a	n/a	n/a	n/a	2145.776264	n/a
2146.398383	2.031676	429280	time_discrimination	n/a	n/a	n/a	72.0	n/a	n/a	n/a	2145.776264	n/a	1.5656781742873136	2.0	1	2.0	NB_17_LongA.png	n/a	3	2149.99573675	n/a	3	1	1	intervals/timediscrimination_table	2	2146.398383	2148.430059
2146.398383	0.000000	429280	ttl	1	72	n/a	n/a	n/a	n/a	n/a	n/a	n/a	n/a	n/a	n/a	n/a	n/a	n/a	n/a	n/a	n/a	n/a	n/a	n/a	n/a	n/a	2146.398383	n/a
2148.430059	0.000000	429686	ttl	2	72	n/a	n/a	n/a	n/a	n/a	n/a	n/a	n/a	n/a	n/a	n/a	n/a	n/a	n/a	n/a	n/a	n/a	n/a	n/a	n/a	n/a	2148.430059	n/a
2149.995737	0.000000	429999	ttl	4	72	n/a	n/a	n/a	n/a	n/a	n/a	n/a	n/a	n/a	n/a	n/a	n/a	n/a	n/a	n/a	n/a	n/a	n/a	n/a	n/a	n/a	2149.995737	n/a
2150.018980	0.000000	430004	ttl	11	72	n/a	n/a	n/a	n/a	n/a	n/a	n/a	n/a	n/a	n/a	n/a	n/a	n/a	n/a	n/a	n/a	n/a	n/a	n/a	n/a	n/a	2150.018980	n/a
2150.620979	2.031469	430124	time_discrimination	n/a	n/a	n/a	72.0	n/a	n/a	n/a	2150.0189795	n/a	0.4093460990843596	2.0	2	3.0	SB_17_LongA.png	n/a	7	2153.0617939999997	n/a	4	2	2	intervals/timediscrimination_table	3	2150.620979	2152.652448
2150.620979	0.000000	430124	ttl	1	72	n/a	n/a	n/a	n/a	n/a	n/a	n/a	n/a	n/a	n/a	n/a	n/a	n/a	n/a	n/a	n/a	n/a	n/a	n/a	n/a	n/a	2150.620979	n/a
2152.652448	0.000000	430530	ttl	2	72	n/a	n/a	n/a	n/a	n/a	n/a	n/a	n/a	n/a	n/a	n/a	n/a	n/a	n/a	n/a	n/a	n/a	n/a	n/a	n/a	n/a	2152.652448	n/a
2153.061794	0.000000	430612	ttl	4	72	n/a	n/a	n/a	n/a	n/a	n/a	n/a	n/a	n/a	n/a	n/a	n/a	n/a	n/a	n/a	n/a	n/a	n/a	n/a	n/a	n/a	2153.061794	n/a
2153.086945	0.000000	430617	ttl	11	72	n/a	n/a	n/a	n/a	n/a	n/a	n/a	n/a	n/a	n/a	n/a	n/a	n/a	n/a	n/a	n/a	n/a	n/a	n/a	n/a	n/a	2153.086945	n/a
2153.749023	2.055184	430750	time_discrimination	n/a	n/a	n/a	72.0	n/a	n/a	n/a	2153.086945	n/a	3.36863692352199	2.0	3	3.0	HB_36_LongA.png	n/a	2	2159.17284375	n/a	5	1	1	intervals/timediscrimination_table	4	2153.749023	2155.804207
2153.749023	0.000000	430750	ttl	1	72	n/a	n/a	n/a	n/a	n/a	n/a	n/a	n/a	n/a	n/a	n/a	n/a	n/a	n/a	n/a	n/a	n/a	n/a	n/a	n/a	n/a	2153.749023	n/a
2155.804207	0.000000	431161	ttl	2	72	n/a	n/a	n/a	n/a	n/a	n/a	n/a	n/a	n/a	n/a	n/a	n/a	n/a	n/a	n/a	n/a	n/a	n/a	n/a	n/a	n/a	2155.804207	n/a
2159.172844	0.000000	431835	ttl	4	72	n/a	n/a	n/a	n/a	n/a	n/a	n/a	n/a	n/a	n/a	n/a	n/a	n/a	n/a	n/a	n/a	n/a	n/a	n/a	n/a	n/a	2159.172844	n/a
2159.198769	0.000000	431840	ttl	11	72	n/a	n/a	n/a	n/a	n/a	n/a	n/a	n/a	n/a	n/a	n/a	n/a	n/a	n/a	n/a	n/a	n/a	n/a	n/a	n/a	n/a	2159.198769	n/a
2159.820693	2.031542	431964	time_discrimination	n/a	n/a	n/a	72.0	n/a	n/a	n/a	2159.198769	n/a	0.5294529782113386	2.0	3	3.0	HB_12_LongA.png	n/a	7	2162.38168825	n/a	6	2	2	intervals/timediscrimination_table	5	2159.820693	2161.852235
2159.820693	0.000000	431964	ttl	1	72	n/a	n/a	n/a	n/a	n/a	n/a	n/a	n/a	n/a	n/a	n/a	n/a	n/a	n/a	n/a	n/a	n/a	n/a	n/a	n/a	n/a	2159.820693	n/a
2161.852235	0.000000	432370	ttl	2	72	n/a	n/a	n/a	n/a	n/a	n/a	n/a	n/a	n/a	n/a	n/a	n/a	n/a	n/a	n/a	n/a	n/a	n/a	n/a	n/a	n/a	2161.852235	n/a
2162.381688	0.000000	432476	ttl	4	72	n/a	n/a	n/a	n/a	n/a	n/a	n/a	n/a	n/a	n/a	n/a	n/a	n/a	n/a	n/a	n/a	n/a	n/a	n/a	n/a	n/a	2162.381688	n/a
2162.411161	0.000000	432482	ttl	11	72	n/a	n/a	n/a	n/a	n/a	n/a	n/a	n/a	n/a	n/a	n/a	n/a	n/a	n/a	n/a	n/a	n/a	n/a	n/a	n/a	n/a	2162.411161	n/a
2162.993197	2.031338	432599	time_discrimination	n/a	n/a	n/a	72.0	n/a	n/a	n/a	2162.41116125	n/a	1.1841944691404933	2.0	1	2.0	NB_17_ShortA.png	n/a	3	2166.20872925	n/a	7	1	1	intervals/timediscrimination_table	6	2162.993197	2165.024535
2162.993197	0.000000	432599	ttl	1	72	n/a	n/a	n/a	n/a	n/a	n/a	n/a	n/a	n/a	n/a	n/a	n/a	n/a	n/a	n/a	n/a	n/a	n/a	n/a	n/a	n/a	2162.993197	n/a
2165.024535	0.000000	433005	ttl	2	72	n/a	n/a	n/a	n/a	n/a	n/a	n/a	n/a	n/a	n/a	n/a	n/a	n/a	n/a	n/a	n/a	n/a	n/a	n/a	n/a	n/a	2165.024535	n/a
2166.208729	0.000000	433242	ttl	4	72	n/a	n/a	n/a	n/a	n/a	n/a	n/a	n/a	n/a	n/a	n/a	n/a	n/a	n/a	n/a	n/a	n/a	n/a	n/a	n/a	n/a	2166.208729	n/a
2166.220849	0.000000	433244	ttl	11	72	n/a	n/a	n/a	n/a	n/a	n/a	n/a	n/a	n/a	n/a	n/a	n/a	n/a	n/a	n/a	n/a	n/a	n/a	n/a	n/a	n/a	2166.220849	n/a
2166.842941	2.031178	433369	time_discrimination	n/a	n/a	n/a	72.0	n/a	n/a	n/a	2166.22084925	n/a	1.8430124540464021	2.0	1	2.0	NB_30_ShortA.png	n/a	6	2170.7171315	n/a	8	2	2	intervals/timediscrimination_table	7	2166.842941	2168.874119
2166.842941	0.000000	433369	ttl	1	72	n/a	n/a	n/a	n/a	n/a	n/a	n/a	n/a	n/a	n/a	n/a	n/a	n/a	n/a	n/a	n/a	n/a	n/a	n/a	n/a	n/a	2166.842941	n/a
2168.874119	0.000000	433775	ttl	2	72	n/a	n/a	n/a	n/a	n/a	n/a	n/a	n/a	n/a	n/a	n/a	n/a	n/a	n/a	n/a	n/a	n/a	n/a	n/a	n/a	n/a	2168.874119	n/a
2170.717132	0.000000	434143	ttl	4	72	n/a	n/a	n/a	n/a	n/a	n/a	n/a	n/a	n/a	n/a	n/a	n/a	n/a	n/a	n/a	n/a	n/a	n/a	n/a	n/a	n/a	2170.717132	n/a
2170.734668	0.000000	434147	ttl	11	72	n/a	n/a	n/a	n/a	n/a	n/a	n/a	n/a	n/a	n/a	n/a	n/a	n/a	n/a	n/a	n/a	n/a	n/a	n/a	n/a	n/a	2170.734668	n/a
2171.376890	2.031310	434275	time_discrimination	n/a	n/a	n/a	72.0	n/a	n/a	n/a	2170.7346682499997	n/a	2.6818520116066793	2.0	1	2.0	NB_13_LongA.png	n/a	3	2176.0900524999997	n/a	9	1	1	intervals/timediscrimination_table	8	2171.376890	2173.408201
2171.376890	0.000000	434275	ttl	1	72	n/a	n/a	n/a	n/a	n/a	n/a	n/a	n/a	n/a	n/a	n/a	n/a	n/a	n/a	n/a	n/a	n/a	n/a	n/a	n/a	n/a	2171.376890	n/a
2173.408201	0.000000	434682	ttl	2	72	n/a	n/a	n/a	n/a	n/a	n/a	n/a	n/a	n/a	n/a	n/a	n/a	n/a	n/a	n/a	n/a	n/a	n/a	n/a	n/a	n/a	2173.408201	n/a
2176.090052	0.000000	435218	ttl	4	72	n/a	n/a	n/a	n/a	n/a	n/a	n/a	n/a	n/a	n/a	n/a	n/a	n/a	n/a	n/a	n/a	n/a	n/a	n/a	n/a	n/a	2176.090052	n/a
2176.105865	0.000000	435221	ttl	11	72	n/a	n/a	n/a	n/a	n/a	n/a	n/a	n/a	n/a	n/a	n/a	n/a	n/a	n/a	n/a	n/a	n/a	n/a	n/a	n/a	n/a	2176.105865	n/a
2176.707877	2.031387	435342	time_discrimination	n/a	n/a	n/a	72.0	n/a	n/a	n/a	2176.1058654999997	n/a	1.0261017334851203	2.0	2	3.0	SB_58_LongA.png	n/a	7	2179.765366	n/a	10	2	2	intervals/timediscrimination_table	9	2176.707877	2178.739264
2176.707877	0.000000	435342	ttl	1	72	n/a	n/a	n/a	n/a	n/a	n/a	n/a	n/a	n/a	n/a	n/a	n/a	n/a	n/a	n/a	n/a	n/a	n/a	n/a	n/a	n/a	2176.707877	n/a
2178.739264	0.000000	435748	ttl	2	72	n/a	n/a	n/a	n/a	n/a	n/a	n/a	n/a	n/a	n/a	n/a	n/a	n/a	n/a	n/a	n/a	n/a	n/a	n/a	n/a	n/a	2178.739264	n/a
2179.765366	0.000000	435953	ttl	4	72	n/a	n/a	n/a	n/a	n/a	n/a	n/a	n/a	n/a	n/a	n/a	n/a	n/a	n/a	n/a	n/a	n/a	n/a	n/a	n/a	n/a	2179.765366	n/a
2179.781739	0.000000	435956	ttl	11	72	n/a	n/a	n/a	n/a	n/a	n/a	n/a	n/a	n/a	n/a	n/a	n/a	n/a	n/a	n/a	n/a	n/a	n/a	n/a	n/a	n/a	2179.781739	n/a
2180.363436	2.031486	436073	time_discrimination	n/a	n/a	n/a	72.0	n/a	n/a	n/a	2179.781739	n/a	3.242037688338314	2.0	1	2.0	NB_22_LongA.png	n/a	6	2185.63696	n/a	11	2	2	intervals/timediscrimination_table	10	2180.363436	2182.394923
2180.363436	0.000000	436073	ttl	1	72	n/a	n/a	n/a	n/a	n/a	n/a	n/a	n/a	n/a	n/a	n/a	n/a	n/a	n/a	n/a	n/a	n/a	n/a	n/a	n/a	n/a	2180.363436	n/a
2182.394923	0.000000	436479	ttl	2	72	n/a	n/a	n/a	n/a	n/a	n/a	n/a	n/a	n/a	n/a	n/a	n/a	n/a	n/a	n/a	n/a	n/a	n/a	n/a	n/a	n/a	2182.394923	n/a
2185.636960	0.000000	437127	ttl	4	72	n/a	n/a	n/a	n/a	n/a	n/a	n/a	n/a	n/a	n/a	n/a	n/a	n/a	n/a	n/a	n/a	n/a	n/a	n/a	n/a	n/a	2185.636960	n/a
2185.658840	0.000000	437132	ttl	11	72	n/a	n/a	n/a	n/a	n/a	n/a	n/a	n/a	n/a	n/a	n/a	n/a	n/a	n/a	n/a	n/a	n/a	n/a	n/a	n/a	n/a	2185.658840	n/a
2186.321133	2.031317	437264	time_discrimination	n/a	n/a	n/a	72.0	n/a	n/a	n/a	2185.6588402499997	n/a	3.0550839671632275	2.0	1	2.0	NB_29_LongA.png	n/a	6	2191.40753375	n/a	12	2	2	intervals/timediscrimination_table	11	2186.321133	2188.352450
2186.321133	0.000000	437264	ttl	1	72	n/a	n/a	n/a	n/a	n/a	n/a	n/a	n/a	n/a	n/a	n/a	n/a	n/a	n/a	n/a	n/a	n/a	n/a	n/a	n/a	n/a	2186.321133	n/a
2188.352450	0.000000	437670	ttl	2	72	n/a	n/a	n/a	n/a	n/a	n/a	n/a	n/a	n/a	n/a	n/a	n/a	n/a	n/a	n/a	n/a	n/a	n/a	n/a	n/a	n/a	2188.352450	n/a
2191.407534	0.000000	438282	ttl	4	72	n/a	n/a	n/a	n/a	n/a	n/a	n/a	n/a	n/a	n/a	n/a	n/a	n/a	n/a	n/a	n/a	n/a	n/a	n/a	n/a	n/a	2191.407534	n/a
2191.424610	0.000000	438285	ttl	11	72	n/a	n/a	n/a	n/a	n/a	n/a	n/a	n/a	n/a	n/a	n/a	n/a	n/a	n/a	n/a	n/a	n/a	n/a	n/a	n/a	n/a	2191.424610	n/a
2192.066760	2.030660	438413	time_discrimination	n/a	n/a	n/a	72.0	n/a	n/a	n/a	2191.42461025	n/a	4.120665612499579	2.0	3	3.0	HB_28_ShortA.png	n/a	7	2198.21808575	n/a	13	2	2	intervals/timediscrimination_table	12	2192.066760	2194.097420
2192.066760	0.000000	438413	ttl	1	72	n/a	n/a	n/a	n/a	n/a	n/a	n/a	n/a	n/a	n/a	n/a	n/a	n/a	n/a	n/a	n/a	n/a	n/a	n/a	n/a	n/a	2192.066760	n/a
2194.097420	0.000000	438819	ttl	2	72	n/a	n/a	n/a	n/a	n/a	n/a	n/a	n/a	n/a	n/a	n/a	n/a	n/a	n/a	n/a	n/a	n/a	n/a	n/a	n/a	n/a	2194.097420	n/a
2198.218086	0.000000	439644	ttl	4	72	n/a	n/a	n/a	n/a	n/a	n/a	n/a	n/a	n/a	n/a	n/a	n/a	n/a	n/a	n/a	n/a	n/a	n/a	n/a	n/a	n/a	2198.218086	n/a
2198.223918	0.000000	439645	ttl	11	72	n/a	n/a	n/a	n/a	n/a	n/a	n/a	n/a	n/a	n/a	n/a	n/a	n/a	n/a	n/a	n/a	n/a	n/a	n/a	n/a	n/a	2198.223918	n/a
2198.825980	2.031228	439765	time_discrimination	n/a	n/a	n/a	72.0	n/a	n/a	n/a	2198.22391775	n/a	1.1789067529753083	2.0	3	3.0	HB_59_LongA.png	n/a	2	2202.0361157499997	n/a	14	1	1	intervals/timediscrimination_table	13	2198.825980	2200.857209
2198.825980	0.000000	439765	ttl	1	72	n/a	n/a	n/a	n/a	n/a	n/a	n/a	n/a	n/a	n/a	n/a	n/a	n/a	n/a	n/a	n/a	n/a	n/a	n/a	n/a	n/a	2198.825980	n/a
2200.857209	0.000000	440171	ttl	2	72	n/a	n/a	n/a	n/a	n/a	n/a	n/a	n/a	n/a	n/a	n/a	n/a	n/a	n/a	n/a	n/a	n/a	n/a	n/a	n/a	n/a	2200.857209	n/a
2202.036116	0.000000	440407	ttl	4	72	n/a	n/a	n/a	n/a	n/a	n/a	n/a	n/a	n/a	n/a	n/a	n/a	n/a	n/a	n/a	n/a	n/a	n/a	n/a	n/a	n/a	2202.036116	n/a
2202.054668	0.000000	440411	ttl	11	72	n/a	n/a	n/a	n/a	n/a	n/a	n/a	n/a	n/a	n/a	n/a	n/a	n/a	n/a	n/a	n/a	n/a	n/a	n/a	n/a	n/a	2202.054668	n/a
2202.676725	2.031344	440535	time_discrimination	n/a	n/a	n/a	72.0	n/a	n/a	n/a	2202.0546677499997	n/a	0.3039269844593946	2.0	1	1.0	NB_8_LongA.png	n/a	5	2205.01199575	n/a	15	2	2	intervals/timediscrimination_table	14	2202.676725	2204.708069
2202.676725	0.000000	440535	ttl	1	72	n/a	n/a	n/a	n/a	n/a	n/a	n/a	n/a	n/a	n/a	n/a	n/a	n/a	n/a	n/a	n/a	n/a	n/a	n/a	n/a	n/a	2202.676725	n/a
2204.708069	0.000000	440942	ttl	2	72	n/a	n/a	n/a	n/a	n/a	n/a	n/a	n/a	n/a	n/a	n/a	n/a	n/a	n/a	n/a	n/a	n/a	n/a	n/a	n/a	n/a	2204.708069	n/a
2205.011996	0.000000	441002	ttl	4	72	n/a	n/a	n/a	n/a	n/a	n/a	n/a	n/a	n/a	n/a	n/a	n/a	n/a	n/a	n/a	n/a	n/a	n/a	n/a	n/a	n/a	2205.011996	n/a
2205.023817	0.000000	441005	ttl	11	72	n/a	n/a	n/a	n/a	n/a	n/a	n/a	n/a	n/a	n/a	n/a	n/a	n/a	n/a	n/a	n/a	n/a	n/a	n/a	n/a	n/a	2205.023817	n/a
2205.686045	2.031275	441137	time_discrimination	n/a	n/a	n/a	72.0	n/a	n/a	n/a	2205.0238167499997	n/a	0.31975483636779245	2.0	2	3.0	SB_3_ShortA.png	n/a	7	2208.0370755	n/a	16	2	2	intervals/timediscrimination_table	15	2205.686045	2207.717320
2205.686045	0.000000	441137	ttl	1	72	n/a	n/a	n/a	n/a	n/a	n/a	n/a	n/a	n/a	n/a	n/a	n/a	n/a	n/a	n/a	n/a	n/a	n/a	n/a	n/a	n/a	2205.686045	n/a
2207.717320	0.000000	441543	ttl	2	72	n/a	n/a	n/a	n/a	n/a	n/a	n/a	n/a	n/a	n/a	n/a	n/a	n/a	n/a	n/a	n/a	n/a	n/a	n/a	n/a	n/a	2207.717320	n/a
2208.037075	0.000000	441607	ttl	4	72	n/a	n/a	n/a	n/a	n/a	n/a	n/a	n/a	n/a	n/a	n/a	n/a	n/a	n/a	n/a	n/a	n/a	n/a	n/a	n/a	n/a	2208.037075	n/a
2208.053755	0.000000	441611	ttl	11	72	n/a	n/a	n/a	n/a	n/a	n/a	n/a	n/a	n/a	n/a	n/a	n/a	n/a	n/a	n/a	n/a	n/a	n/a	n/a	n/a	n/a	2208.053755	n/a
2208.635739	2.031313	441727	time_discrimination	n/a	n/a	n/a	72.0	n/a	n/a	n/a	2208.053755	n/a	1.5539410915080225	2.0	3	3.0	HB_32_LongA.png	n/a	2	2212.2209924999997	n/a	17	1	1	intervals/timediscrimination_table	16	2208.635739	2210.667052
2208.635739	0.000000	441727	ttl	1	72	n/a	n/a	n/a	n/a	n/a	n/a	n/a	n/a	n/a	n/a	n/a	n/a	n/a	n/a	n/a	n/a	n/a	n/a	n/a	n/a	n/a	2208.635739	n/a
2210.667052	0.000000	442133	ttl	2	72	n/a	n/a	n/a	n/a	n/a	n/a	n/a	n/a	n/a	n/a	n/a	n/a	n/a	n/a	n/a	n/a	n/a	n/a	n/a	n/a	n/a	2210.667052	n/a
2212.220992	0.000000	442444	ttl	4	72	n/a	n/a	n/a	n/a	n/a	n/a	n/a	n/a	n/a	n/a	n/a	n/a	n/a	n/a	n/a	n/a	n/a	n/a	n/a	n/a	n/a	2212.220992	n/a
2212.230922	0.000000	442446	ttl	11	72	n/a	n/a	n/a	n/a	n/a	n/a	n/a	n/a	n/a	n/a	n/a	n/a	n/a	n/a	n/a	n/a	n/a	n/a	n/a	n/a	n/a	2212.230922	n/a
2212.893172	2.031260	442579	time_discrimination	n/a	n/a	n/a	72.0	n/a	n/a	n/a	2212.2309225	n/a	2.825259867531713	2.0	2	3.0	SB_50_ShortA.png	n/a	2	2217.74969175	n/a	18	1	1	intervals/timediscrimination_table	17	2212.893172	2214.924432
2212.893172	0.000000	442579	ttl	1	72	n/a	n/a	n/a	n/a	n/a	n/a	n/a	n/a	n/a	n/a	n/a	n/a	n/a	n/a	n/a	n/a	n/a	n/a	n/a	n/a	n/a	2212.893172	n/a
2214.924432	0.000000	442985	ttl	2	72	n/a	n/a	n/a	n/a	n/a	n/a	n/a	n/a	n/a	n/a	n/a	n/a	n/a	n/a	n/a	n/a	n/a	n/a	n/a	n/a	n/a	2214.924432	n/a
2217.749692	0.000000	443550	ttl	4	72	n/a	n/a	n/a	n/a	n/a	n/a	n/a	n/a	n/a	n/a	n/a	n/a	n/a	n/a	n/a	n/a	n/a	n/a	n/a	n/a	n/a	2217.749692	n/a
2217.774194	0.000000	443555	ttl	11	72	n/a	n/a	n/a	n/a	n/a	n/a	n/a	n/a	n/a	n/a	n/a	n/a	n/a	n/a	n/a	n/a	n/a	n/a	n/a	n/a	n/a	2217.774194	n/a
2218.436429	2.031315	443687	time_discrimination	n/a	n/a	n/a	72.0	n/a	n/a	n/a	2217.7741945	n/a	2.2453163449827116	2.0	1	2.0	NB_20_ShortA.png	n/a	3	2222.71306	n/a	19	1	1	intervals/timediscrimination_table	18	2218.436429	2220.467744
2218.436429	0.000000	443687	ttl	1	72	n/a	n/a	n/a	n/a	n/a	n/a	n/a	n/a	n/a	n/a	n/a	n/a	n/a	n/a	n/a	n/a	n/a	n/a	n/a	n/a	n/a	2218.436429	n/a
2220.467744	0.000000	444094	ttl	2	72	n/a	n/a	n/a	n/a	n/a	n/a	n/a	n/a	n/a	n/a	n/a	n/a	n/a	n/a	n/a	n/a	n/a	n/a	n/a	n/a	n/a	2220.467744	n/a
2222.713060	0.000000	444543	ttl	4	72	n/a	n/a	n/a	n/a	n/a	n/a	n/a	n/a	n/a	n/a	n/a	n/a	n/a	n/a	n/a	n/a	n/a	n/a	n/a	n/a	n/a	2222.713060	n/a
2222.727247	0.000000	444545	ttl	11	72	n/a	n/a	n/a	n/a	n/a	n/a	n/a	n/a	n/a	n/a	n/a	n/a	n/a	n/a	n/a	n/a	n/a	n/a	n/a	n/a	n/a	2222.727247	n/a
2223.349308	2.031285	444670	time_discrimination	n/a	n/a	n/a	72.0	n/a	n/a	n/a	2222.7272475	n/a	1.2465676911670016	2.0	2	3.0	SB_21_LongA.png	n/a	7	2226.627161	n/a	20	2	2	intervals/timediscrimination_table	19	2223.349308	2225.380594
2223.349308	0.000000	444670	ttl	1	72	n/a	n/a	n/a	n/a	n/a	n/a	n/a	n/a	n/a	n/a	n/a	n/a	n/a	n/a	n/a	n/a	n/a	n/a	n/a	n/a	n/a	2223.349308	n/a
2225.380594	0.000000	445076	ttl	2	72	n/a	n/a	n/a	n/a	n/a	n/a	n/a	n/a	n/a	n/a	n/a	n/a	n/a	n/a	n/a	n/a	n/a	n/a	n/a	n/a	n/a	2225.380594	n/a
2226.627161	0.000000	445325	ttl	4	72	n/a	n/a	n/a	n/a	n/a	n/a	n/a	n/a	n/a	n/a	n/a	n/a	n/a	n/a	n/a	n/a	n/a	n/a	n/a	n/a	n/a	2226.627161	n/a
2226.637274	0.000000	445327	ttl	11	72	n/a	n/a	n/a	n/a	n/a	n/a	n/a	n/a	n/a	n/a	n/a	n/a	n/a	n/a	n/a	n/a	n/a	n/a	n/a	n/a	n/a	2226.637274	n/a
2227.299573	2.031310	445460	time_discrimination	n/a	n/a	n/a	72.0	n/a	n/a	n/a	2226.6372739999997	n/a	1.6743937423452735	2.0	1	2.0	NB_27_LongA.png	n/a	3	2231.00527725	n/a	21	1	1	intervals/timediscrimination_table	20	2227.299573	2229.330883
2227.299573	0.000000	445460	ttl	1	72	n/a	n/a	n/a	n/a	n/a	n/a	n/a	n/a	n/a	n/a	n/a	n/a	n/a	n/a	n/a	n/a	n/a	n/a	n/a	n/a	n/a	2227.299573	n/a
2229.330883	0.000000	445866	ttl	2	72	n/a	n/a	n/a	n/a	n/a	n/a	n/a	n/a	n/a	n/a	n/a	n/a	n/a	n/a	n/a	n/a	n/a	n/a	n/a	n/a	n/a	2229.330883	n/a
2231.005277	0.000000	446201	ttl	4	72	n/a	n/a	n/a	n/a	n/a	n/a	n/a	n/a	n/a	n/a	n/a	n/a	n/a	n/a	n/a	n/a	n/a	n/a	n/a	n/a	n/a	2231.005277	n/a
2231.019566	0.000000	446204	ttl	11	72	n/a	n/a	n/a	n/a	n/a	n/a	n/a	n/a	n/a	n/a	n/a	n/a	n/a	n/a	n/a	n/a	n/a	n/a	n/a	n/a	n/a	2231.019566	n/a
2231.641495	2.031426	446328	time_discrimination	n/a	n/a	n/a	72.0	n/a	n/a	n/a	2231.01956625	n/a	0.038819816065370105	2.0	1	2.0	NB_9_ShortA.png	n/a	3	2233.71174075	n/a	22	1	1	intervals/timediscrimination_table	21	2231.641495	2233.672921
2231.641495	0.000000	446328	ttl	1	72	n/a	n/a	n/a	n/a	n/a	n/a	n/a	n/a	n/a	n/a	n/a	n/a	n/a	n/a	n/a	n/a	n/a	n/a	n/a	n/a	n/a	2231.641495	n/a
2233.672921	0.000000	446735	ttl	2	72	n/a	n/a	n/a	n/a	n/a	n/a	n/a	n/a	n/a	n/a	n/a	n/a	n/a	n/a	n/a	n/a	n/a	n/a	n/a	n/a	n/a	2233.672921	n/a
2233.711741	0.000000	446742	ttl	4	72	n/a	n/a	n/a	n/a	n/a	n/a	n/a	n/a	n/a	n/a	n/a	n/a	n/a	n/a	n/a	n/a	n/a	n/a	n/a	n/a	n/a	2233.711741	n/a
2233.724015	0.000000	446745	ttl	11	72	n/a	n/a	n/a	n/a	n/a	n/a	n/a	n/a	n/a	n/a	n/a	n/a	n/a	n/a	n/a	n/a	n/a	n/a	n/a	n/a	n/a	2233.724015	n/a
2234.285804	2.031388	446857	time_discrimination	n/a	n/a	n/a	72.0	n/a	n/a	n/a	2233.72401525	n/a	0.9157212775025982	2.0	1	2.0	NB_1_ShortA.png	n/a	3	2237.23291375	n/a	23	1	1	intervals/timediscrimination_table	22	2234.285804	2236.317192
2234.285804	0.000000	446857	ttl	1	72	n/a	n/a	n/a	n/a	n/a	n/a	n/a	n/a	n/a	n/a	n/a	n/a	n/a	n/a	n/a	n/a	n/a	n/a	n/a	n/a	n/a	2234.285804	n/a
2236.317192	0.000000	447263	ttl	2	72	n/a	n/a	n/a	n/a	n/a	n/a	n/a	n/a	n/a	n/a	n/a	n/a	n/a	n/a	n/a	n/a	n/a	n/a	n/a	n/a	n/a	2236.317192	n/a
2237.232914	0.000000	447447	ttl	4	72	n/a	n/a	n/a	n/a	n/a	n/a	n/a	n/a	n/a	n/a	n/a	n/a	n/a	n/a	n/a	n/a	n/a	n/a	n/a	n/a	n/a	2237.232914	n/a
2237.253809	0.000000	447451	ttl	11	72	n/a	n/a	n/a	n/a	n/a	n/a	n/a	n/a	n/a	n/a	n/a	n/a	n/a	n/a	n/a	n/a	n/a	n/a	n/a	n/a	n/a	2237.253809	n/a
2237.855764	2.031414	447571	time_discrimination	n/a	n/a	n/a	72.0	n/a	n/a	n/a	2237.25380925	n/a	3.1643886913516326	1.0	3	3.0	HB_23_ShortA.png	n/a	2	2243.05156675	n/a	24	1	2	intervals/timediscrimination_table	23	2237.855764	2239.887178
2237.855764	0.000000	447571	ttl	1	72	n/a	n/a	n/a	n/a	n/a	n/a	n/a	n/a	n/a	n/a	n/a	n/a	n/a	n/a	n/a	n/a	n/a	n/a	n/a	n/a	n/a	2237.855764	n/a
2239.887178	0.000000	447977	ttl	2	72	n/a	n/a	n/a	n/a	n/a	n/a	n/a	n/a	n/a	n/a	n/a	n/a	n/a	n/a	n/a	n/a	n/a	n/a	n/a	n/a	n/a	2239.887178	n/a
2243.051567	0.000000	448610	ttl	4	72	n/a	n/a	n/a	n/a	n/a	n/a	n/a	n/a	n/a	n/a	n/a	n/a	n/a	n/a	n/a	n/a	n/a	n/a	n/a	n/a	n/a	2243.051567	n/a
2243.060312	0.000000	448612	ttl	11	72	n/a	n/a	n/a	n/a	n/a	n/a	n/a	n/a	n/a	n/a	n/a	n/a	n/a	n/a	n/a	n/a	n/a	n/a	n/a	n/a	n/a	2243.060312	n/a
2243.642141	2.031521	448728	time_discrimination	n/a	n/a	n/a	72.0	n/a	n/a	n/a	2243.0603122499997	n/a	1.953511997096939	2.0	1	2.0	NB_9_LongA.png	n/a	6	2247.62717375	n/a	25	2	2	intervals/timediscrimination_table	24	2243.642141	2245.673662
2243.642141	0.000000	448728	ttl	1	72	n/a	n/a	n/a	n/a	n/a	n/a	n/a	n/a	n/a	n/a	n/a	n/a	n/a	n/a	n/a	n/a	n/a	n/a	n/a	n/a	n/a	2243.642141	n/a
2245.673662	0.000000	449135	ttl	2	72	n/a	n/a	n/a	n/a	n/a	n/a	n/a	n/a	n/a	n/a	n/a	n/a	n/a	n/a	n/a	n/a	n/a	n/a	n/a	n/a	n/a	2245.673662	n/a
2247.627174	0.000000	449525	ttl	4	72	n/a	n/a	n/a	n/a	n/a	n/a	n/a	n/a	n/a	n/a	n/a	n/a	n/a	n/a	n/a	n/a	n/a	n/a	n/a	n/a	n/a	2247.627174	n/a
2247.646316	0.000000	449529	ttl	11	72	n/a	n/a	n/a	n/a	n/a	n/a	n/a	n/a	n/a	n/a	n/a	n/a	n/a	n/a	n/a	n/a	n/a	n/a	n/a	n/a	n/a	2247.646316	n/a
2248.228356	2.031244	449646	time_discrimination	n/a	n/a	n/a	72.0	n/a	n/a	n/a	2247.6463157499998	n/a	6.139534545291099	2.0	3	3.0	HB_56_LongA.png	n/a	2	2256.39913475	n/a	26	1	1	intervals/timediscrimination_table	25	2248.228356	2250.259600
2248.228356	0.000000	449646	ttl	1	72	n/a	n/a	n/a	n/a	n/a	n/a	n/a	n/a	n/a	n/a	n/a	n/a	n/a	n/a	n/a	n/a	n/a	n/a	n/a	n/a	n/a	2248.228356	n/a
2250.259600	0.000000	450052	ttl	2	72	n/a	n/a	n/a	n/a	n/a	n/a	n/a	n/a	n/a	n/a	n/a	n/a	n/a	n/a	n/a	n/a	n/a	n/a	n/a	n/a	n/a	2250.259600	n/a
2256.399135	0.000000	451280	ttl	4	72	n/a	n/a	n/a	n/a	n/a	n/a	n/a	n/a	n/a	n/a	n/a	n/a	n/a	n/a	n/a	n/a	n/a	n/a	n/a	n/a	n/a	2256.399135	n/a
2256.416708	0.000000	451283	ttl	11	72	n/a	n/a	n/a	n/a	n/a	n/a	n/a	n/a	n/a	n/a	n/a	n/a	n/a	n/a	n/a	n/a	n/a	n/a	n/a	n/a	n/a	2256.416708	n/a
2256.998676	2.031330	451400	time_discrimination	n/a	n/a	n/a	72.0	n/a	n/a	n/a	2256.41670825	n/a	2.515757035493152	2.0	2	3.0	SB_43_ShortA.png	n/a	2	2261.5457632499997	n/a	27	1	1	intervals/timediscrimination_table	26	2256.998676	2259.030006
2256.998676	0.000000	451400	ttl	1	72	n/a	n/a	n/a	n/a	n/a	n/a	n/a	n/a	n/a	n/a	n/a	n/a	n/a	n/a	n/a	n/a	n/a	n/a	n/a	n/a	n/a	2256.998676	n/a
2259.030006	0.000000	451806	ttl	2	72	n/a	n/a	n/a	n/a	n/a	n/a	n/a	n/a	n/a	n/a	n/a	n/a	n/a	n/a	n/a	n/a	n/a	n/a	n/a	n/a	n/a	2259.030006	n/a
2261.545763	0.000000	452309	ttl	4	72	n/a	n/a	n/a	n/a	n/a	n/a	n/a	n/a	n/a	n/a	n/a	n/a	n/a	n/a	n/a	n/a	n/a	n/a	n/a	n/a	n/a	2261.545763	n/a
2261.553880	0.000000	452311	ttl	11	72	n/a	n/a	n/a	n/a	n/a	n/a	n/a	n/a	n/a	n/a	n/a	n/a	n/a	n/a	n/a	n/a	n/a	n/a	n/a	n/a	n/a	2261.553880	n/a
2262.175987	2.031098	452435	time_discrimination	n/a	n/a	n/a	72.0	n/a	n/a	n/a	2261.55388	n/a	1.1116306829062523	1.0	3	3.0	HB_33_LongA.png	n/a	2	2265.3187155	n/a	28	1	2	intervals/timediscrimination_table	27	2262.175987	2264.207085
2262.175987	0.000000	452435	ttl	1	72	n/a	n/a	n/a	n/a	n/a	n/a	n/a	n/a	n/a	n/a	n/a	n/a	n/a	n/a	n/a	n/a	n/a	n/a	n/a	n/a	n/a	2262.175987	n/a
2264.207085	0.000000	452841	ttl	2	72	n/a	n/a	n/a	n/a	n/a	n/a	n/a	n/a	n/a	n/a	n/a	n/a	n/a	n/a	n/a	n/a	n/a	n/a	n/a	n/a	n/a	2264.207085	n/a
2265.318716	0.000000	453064	ttl	4	72	n/a	n/a	n/a	n/a	n/a	n/a	n/a	n/a	n/a	n/a	n/a	n/a	n/a	n/a	n/a	n/a	n/a	n/a	n/a	n/a	n/a	2265.318716	n/a
2265.326433	0.000000	453065	ttl	11	72	n/a	n/a	n/a	n/a	n/a	n/a	n/a	n/a	n/a	n/a	n/a	n/a	n/a	n/a	n/a	n/a	n/a	n/a	n/a	n/a	n/a	2265.326433	n/a
2265.988653	2.031315	453198	time_discrimination	n/a	n/a	n/a	72.0	n/a	n/a	n/a	2265.32643275	n/a	1.8347754922579043	2.0	1	2.0	NB_12_ShortA.png	n/a	3	2269.8547437499997	n/a	29	1	1	intervals/timediscrimination_table	28	2265.988653	2268.019968
2265.988653	0.000000	453198	ttl	1	72	n/a	n/a	n/a	n/a	n/a	n/a	n/a	n/a	n/a	n/a	n/a	n/a	n/a	n/a	n/a	n/a	n/a	n/a	n/a	n/a	n/a	2265.988653	n/a
2268.019968	0.000000	453604	ttl	2	72	n/a	n/a	n/a	n/a	n/a	n/a	n/a	n/a	n/a	n/a	n/a	n/a	n/a	n/a	n/a	n/a	n/a	n/a	n/a	n/a	n/a	2268.019968	n/a
2269.854744	0.000000	453971	ttl	4	72	n/a	n/a	n/a	n/a	n/a	n/a	n/a	n/a	n/a	n/a	n/a	n/a	n/a	n/a	n/a	n/a	n/a	n/a	n/a	n/a	n/a	2269.854744	n/a
2269.870060	0.000000	453974	ttl	11	72	n/a	n/a	n/a	n/a	n/a	n/a	n/a	n/a	n/a	n/a	n/a	n/a	n/a	n/a	n/a	n/a	n/a	n/a	n/a	n/a	n/a	2269.870060	n/a
2270.512372	2.031147	454102	time_discrimination	n/a	n/a	n/a	72.0	n/a	n/a	n/a	2269.8700595	n/a	1.7283188545698067	2.0	2	3.0	SB_40_ShortA.png	n/a	7	2274.2718382499997	n/a	30	2	2	intervals/timediscrimination_table	29	2270.512372	2272.543519
2270.512372	0.000000	454102	ttl	1	72	n/a	n/a	n/a	n/a	n/a	n/a	n/a	n/a	n/a	n/a	n/a	n/a	n/a	n/a	n/a	n/a	n/a	n/a	n/a	n/a	n/a	2270.512372	n/a
2272.543519	0.000000	454509	ttl	2	72	n/a	n/a	n/a	n/a	n/a	n/a	n/a	n/a	n/a	n/a	n/a	n/a	n/a	n/a	n/a	n/a	n/a	n/a	n/a	n/a	n/a	2272.543519	n/a
2274.271838	0.000000	454854	ttl	4	72	n/a	n/a	n/a	n/a	n/a	n/a	n/a	n/a	n/a	n/a	n/a	n/a	n/a	n/a	n/a	n/a	n/a	n/a	n/a	n/a	n/a	2274.271838	n/a
2274.282616	0.000000	454857	ttl	11	72	n/a	n/a	n/a	n/a	n/a	n/a	n/a	n/a	n/a	n/a	n/a	n/a	n/a	n/a	n/a	n/a	n/a	n/a	n/a	n/a	n/a	2274.282616	n/a
2274.844248	2.031068	454969	time_discrimination	n/a	n/a	n/a	72.0	n/a	n/a	n/a	2274.28261575	n/a	5.290282711619511	2.0	3	3.0	HB_6_LongA.png	n/a	7	2282.165599	n/a	31	2	2	intervals/timediscrimination_table	30	2274.844248	2276.875316
2274.844248	0.000000	454969	ttl	1	72	n/a	n/a	n/a	n/a	n/a	n/a	n/a	n/a	n/a	n/a	n/a	n/a	n/a	n/a	n/a	n/a	n/a	n/a	n/a	n/a	n/a	2274.844248	n/a
2276.875316	0.000000	455375	ttl	2	72	n/a	n/a	n/a	n/a	n/a	n/a	n/a	n/a	n/a	n/a	n/a	n/a	n/a	n/a	n/a	n/a	n/a	n/a	n/a	n/a	n/a	2276.875316	n/a
2282.165599	0.000000	456433	ttl	4	72	n/a	n/a	n/a	n/a	n/a	n/a	n/a	n/a	n/a	n/a	n/a	n/a	n/a	n/a	n/a	n/a	n/a	n/a	n/a	n/a	n/a	2282.165599	n/a
2282.187457	0.000000	456437	ttl	11	72	n/a	n/a	n/a	n/a	n/a	n/a	n/a	n/a	n/a	n/a	n/a	n/a	n/a	n/a	n/a	n/a	n/a	n/a	n/a	n/a	n/a	2282.187457	n/a
2282.749199	2.031210	456550	time_discrimination	n/a	n/a	n/a	72.0	n/a	n/a	n/a	2282.18745675	n/a	3.305365308027831	2.0	3	2.0	HB_53_ShortA.png	n/a	3	2288.08577475	n/a	32	1	1	intervals/timediscrimination_table	31	2282.749199	2284.780409
2282.749199	0.000000	456550	ttl	1	72	n/a	n/a	n/a	n/a	n/a	n/a	n/a	n/a	n/a	n/a	n/a	n/a	n/a	n/a	n/a	n/a	n/a	n/a	n/a	n/a	n/a	2282.749199	n/a
2284.780409	0.000000	456956	ttl	2	72	n/a	n/a	n/a	n/a	n/a	n/a	n/a	n/a	n/a	n/a	n/a	n/a	n/a	n/a	n/a	n/a	n/a	n/a	n/a	n/a	n/a	2284.780409	n/a
2288.085775	0.000000	457617	ttl	4	72	n/a	n/a	n/a	n/a	n/a	n/a	n/a	n/a	n/a	n/a	n/a	n/a	n/a	n/a	n/a	n/a	n/a	n/a	n/a	n/a	n/a	2288.085775	n/a
2288.103227	0.000000	457621	ttl	11	72	n/a	n/a	n/a	n/a	n/a	n/a	n/a	n/a	n/a	n/a	n/a	n/a	n/a	n/a	n/a	n/a	n/a	n/a	n/a	n/a	n/a	2288.103227	n/a
2288.645175	2.031304	457729	time_discrimination	n/a	n/a	n/a	72.0	n/a	n/a	n/a	2288.1032272499997	n/a	0.0	2.0	3	0.0	HB_41_ShortA.png	n/a	1	2290.67747925	n/a	33	1	1	intervals/timediscrimination_table	32	2288.645175	2290.676479
2288.645175	0.000000	457729	ttl	1	72	n/a	n/a	n/a	n/a	n/a	n/a	n/a	n/a	n/a	n/a	n/a	n/a	n/a	n/a	n/a	n/a	n/a	n/a	n/a	n/a	n/a	2288.645175	n/a
2290.676479	0.000000	458135	ttl	2	72	n/a	n/a	n/a	n/a	n/a	n/a	n/a	n/a	n/a	n/a	n/a	n/a	n/a	n/a	n/a	n/a	n/a	n/a	n/a	n/a	n/a	2290.676479	n/a
2291.884158	0.000000	458377	ttl	11	72	n/a	n/a	n/a	n/a	n/a	n/a	n/a	n/a	n/a	n/a	n/a	n/a	n/a	n/a	n/a	n/a	n/a	n/a	n/a	n/a	n/a	2291.884158	n/a
2292.526178	2.031433	458505	time_discrimination	n/a	n/a	n/a	72.0	n/a	n/a	n/a	2291.884158	n/a	1.0044429304107325	2.0	2	3.0	SB_36_LongA.png	n/a	7	2295.562054	n/a	34	2	2	intervals/timediscrimination_table	33	2292.526178	2294.557611
2292.526178	0.000000	458505	ttl	1	72	n/a	n/a	n/a	n/a	n/a	n/a	n/a	n/a	n/a	n/a	n/a	n/a	n/a	n/a	n/a	n/a	n/a	n/a	n/a	n/a	n/a	2292.526178	n/a
2294.557611	0.000000	458912	ttl	2	72	n/a	n/a	n/a	n/a	n/a	n/a	n/a	n/a	n/a	n/a	n/a	n/a	n/a	n/a	n/a	n/a	n/a	n/a	n/a	n/a	n/a	2294.557611	n/a
2295.562054	0.000000	459112	ttl	4	72	n/a	n/a	n/a	n/a	n/a	n/a	n/a	n/a	n/a	n/a	n/a	n/a	n/a	n/a	n/a	n/a	n/a	n/a	n/a	n/a	n/a	2295.562054	n/a
2295.582044	0.000000	459116	ttl	11	72	n/a	n/a	n/a	n/a	n/a	n/a	n/a	n/a	n/a	n/a	n/a	n/a	n/a	n/a	n/a	n/a	n/a	n/a	n/a	n/a	n/a	2295.582044	n/a
2296.184051	2.031314	459237	time_discrimination	n/a	n/a	n/a	72.0	n/a	n/a	n/a	2295.5820439999998	n/a	0.7468629096692894	2.0	2	3.0	SB_4_shortA.png	n/a	7	2298.96222725	n/a	35	2	2	intervals/timediscrimination_table	34	2296.184051	2298.215364
2296.184051	0.000000	459237	ttl	1	72	n/a	n/a	n/a	n/a	n/a	n/a	n/a	n/a	n/a	n/a	n/a	n/a	n/a	n/a	n/a	n/a	n/a	n/a	n/a	n/a	n/a	2296.184051	n/a
2298.215364	0.000000	459643	ttl	2	72	n/a	n/a	n/a	n/a	n/a	n/a	n/a	n/a	n/a	n/a	n/a	n/a	n/a	n/a	n/a	n/a	n/a	n/a	n/a	n/a	n/a	2298.215364	n/a
2298.962227	0.000000	459792	ttl	4	72	n/a	n/a	n/a	n/a	n/a	n/a	n/a	n/a	n/a	n/a	n/a	n/a	n/a	n/a	n/a	n/a	n/a	n/a	n/a	n/a	n/a	2298.962227	n/a
2298.984344	0.000000	459797	ttl	11	72	n/a	n/a	n/a	n/a	n/a	n/a	n/a	n/a	n/a	n/a	n/a	n/a	n/a	n/a	n/a	n/a	n/a	n/a	n/a	n/a	n/a	2298.984344	n/a
2299.566291	2.031267	459913	time_discrimination	n/a	n/a	n/a	72.0	n/a	n/a	n/a	2298.9843444999997	n/a	3.723673752276227	2.0	3	3.0	HB_52_LongA.png	n/a	2	2305.3212315	n/a	36	1	1	intervals/timediscrimination_table	35	2299.566291	2301.597558
2299.566291	0.000000	459913	ttl	1	72	n/a	n/a	n/a	n/a	n/a	n/a	n/a	n/a	n/a	n/a	n/a	n/a	n/a	n/a	n/a	n/a	n/a	n/a	n/a	n/a	n/a	2299.566291	n/a
2301.597558	0.000000	460320	ttl	2	72	n/a	n/a	n/a	n/a	n/a	n/a	n/a	n/a	n/a	n/a	n/a	n/a	n/a	n/a	n/a	n/a	n/a	n/a	n/a	n/a	n/a	2301.597558	n/a
2305.321232	0.000000	461064	ttl	4	72	n/a	n/a	n/a	n/a	n/a	n/a	n/a	n/a	n/a	n/a	n/a	n/a	n/a	n/a	n/a	n/a	n/a	n/a	n/a	n/a	n/a	2305.321232	n/a
2305.338287	0.000000	461068	ttl	11	72	n/a	n/a	n/a	n/a	n/a	n/a	n/a	n/a	n/a	n/a	n/a	n/a	n/a	n/a	n/a	n/a	n/a	n/a	n/a	n/a	n/a	2305.338287	n/a
2305.940288	2.031334	461188	time_discrimination	n/a	n/a	n/a	72.0	n/a	n/a	n/a	2305.3382874999998	n/a	0.20432749982865062	2.0	2	3.0	SB_53_LongA.png	n/a	7	2308.1759497499997	n/a	37	2	2	intervals/timediscrimination_table	36	2305.940288	2307.971622
2305.940288	0.000000	461188	ttl	1	72	n/a	n/a	n/a	n/a	n/a	n/a	n/a	n/a	n/a	n/a	n/a	n/a	n/a	n/a	n/a	n/a	n/a	n/a	n/a	n/a	n/a	2305.940288	n/a
2307.971622	0.000000	461594	ttl	2	72	n/a	n/a	n/a	n/a	n/a	n/a	n/a	n/a	n/a	n/a	n/a	n/a	n/a	n/a	n/a	n/a	n/a	n/a	n/a	n/a	n/a	2307.971622	n/a
2308.175950	0.000000	461635	ttl	4	72	n/a	n/a	n/a	n/a	n/a	n/a	n/a	n/a	n/a	n/a	n/a	n/a	n/a	n/a	n/a	n/a	n/a	n/a	n/a	n/a	n/a	2308.175950	n/a
2308.185883	0.000000	461637	ttl	11	72	n/a	n/a	n/a	n/a	n/a	n/a	n/a	n/a	n/a	n/a	n/a	n/a	n/a	n/a	n/a	n/a	n/a	n/a	n/a	n/a	n/a	2308.185883	n/a
2308.788091	2.031307	461758	time_discrimination	n/a	n/a	n/a	72.0	n/a	n/a	n/a	2308.1858832499997	n/a	1.7591033909848193	2.0	1	2.0	NB_10_LongA.png	n/a	3	2312.578501	n/a	38	1	1	intervals/timediscrimination_table	37	2308.788091	2310.819397
2308.788091	0.000000	461758	ttl	1	72	n/a	n/a	n/a	n/a	n/a	n/a	n/a	n/a	n/a	n/a	n/a	n/a	n/a	n/a	n/a	n/a	n/a	n/a	n/a	n/a	n/a	2308.788091	n/a
2310.819397	0.000000	462164	ttl	2	72	n/a	n/a	n/a	n/a	n/a	n/a	n/a	n/a	n/a	n/a	n/a	n/a	n/a	n/a	n/a	n/a	n/a	n/a	n/a	n/a	n/a	2310.819397	n/a
2312.578501	0.000000	462516	ttl	4	72	n/a	n/a	n/a	n/a	n/a	n/a	n/a	n/a	n/a	n/a	n/a	n/a	n/a	n/a	n/a	n/a	n/a	n/a	n/a	n/a	n/a	2312.578501	n/a
2312.585863	0.000000	462517	ttl	11	72	n/a	n/a	n/a	n/a	n/a	n/a	n/a	n/a	n/a	n/a	n/a	n/a	n/a	n/a	n/a	n/a	n/a	n/a	n/a	n/a	n/a	2312.585863	n/a
2313.228024	2.031308	462646	time_discrimination	n/a	n/a	n/a	72.0	n/a	n/a	n/a	2312.5858635	n/a	3.110671940128668	2.0	1	2.0	NB_18_ShortA.png	n/a	6	2318.37000375	n/a	39	2	2	intervals/timediscrimination_table	38	2313.228024	2315.259332
2313.228024	0.000000	462646	ttl	1	72	n/a	n/a	n/a	n/a	n/a	n/a	n/a	n/a	n/a	n/a	n/a	n/a	n/a	n/a	n/a	n/a	n/a	n/a	n/a	n/a	n/a	2313.228024	n/a
2315.259332	0.000000	463052	ttl	2	72	n/a	n/a	n/a	n/a	n/a	n/a	n/a	n/a	n/a	n/a	n/a	n/a	n/a	n/a	n/a	n/a	n/a	n/a	n/a	n/a	n/a	2315.259332	n/a
2318.370004	0.000000	463674	ttl	4	72	n/a	n/a	n/a	n/a	n/a	n/a	n/a	n/a	n/a	n/a	n/a	n/a	n/a	n/a	n/a	n/a	n/a	n/a	n/a	n/a	n/a	2318.370004	n/a
2318.377105	0.000000	463675	ttl	11	72	n/a	n/a	n/a	n/a	n/a	n/a	n/a	n/a	n/a	n/a	n/a	n/a	n/a	n/a	n/a	n/a	n/a	n/a	n/a	n/a	n/a	2318.377105	n/a
2318.938973	2.031275	463788	time_discrimination	n/a	n/a	n/a	72.0	n/a	n/a	n/a	2318.37710475	n/a	0.6537093803490279	2.0	2	3.0	SB_24_LongA.png	n/a	7	2321.6239565	n/a	40	2	2	intervals/timediscrimination_table	39	2318.938973	2320.970247
2318.938973	0.000000	463788	ttl	1	72	n/a	n/a	n/a	n/a	n/a	n/a	n/a	n/a	n/a	n/a	n/a	n/a	n/a	n/a	n/a	n/a	n/a	n/a	n/a	n/a	n/a	2318.938973	n/a
2320.970247	0.000000	464194	ttl	2	72	n/a	n/a	n/a	n/a	n/a	n/a	n/a	n/a	n/a	n/a	n/a	n/a	n/a	n/a	n/a	n/a	n/a	n/a	n/a	n/a	n/a	2320.970247	n/a
2321.623957	0.000000	464325	ttl	4	72	n/a	n/a	n/a	n/a	n/a	n/a	n/a	n/a	n/a	n/a	n/a	n/a	n/a	n/a	n/a	n/a	n/a	n/a	n/a	n/a	n/a	2321.623957	n/a
2321.629710	0.000000	464326	ttl	11	72	n/a	n/a	n/a	n/a	n/a	n/a	n/a	n/a	n/a	n/a	n/a	n/a	n/a	n/a	n/a	n/a	n/a	n/a	n/a	n/a	n/a	2321.629710	n/a
2322.191424	2.030970	464438	time_discrimination	n/a	n/a	n/a	72.0	n/a	n/a	n/a	2321.6297105	n/a	2.038630167633528	2.0	1	2.0	NB_26_LongA.png	n/a	3	2326.2610245	n/a	41	1	1	intervals/timediscrimination_table	40	2322.191424	2324.222394
2322.191424	0.000000	464438	ttl	1	72	n/a	n/a	n/a	n/a	n/a	n/a	n/a	n/a	n/a	n/a	n/a	n/a	n/a	n/a	n/a	n/a	n/a	n/a	n/a	n/a	n/a	2322.191424	n/a
2324.222394	0.000000	464844	ttl	2	72	n/a	n/a	n/a	n/a	n/a	n/a	n/a	n/a	n/a	n/a	n/a	n/a	n/a	n/a	n/a	n/a	n/a	n/a	n/a	n/a	n/a	2324.222394	n/a
2326.261025	0.000000	465252	ttl	4	72	n/a	n/a	n/a	n/a	n/a	n/a	n/a	n/a	n/a	n/a	n/a	n/a	n/a	n/a	n/a	n/a	n/a	n/a	n/a	n/a	n/a	2326.261025	n/a
2326.276914	0.000000	465255	ttl	11	72	n/a	n/a	n/a	n/a	n/a	n/a	n/a	n/a	n/a	n/a	n/a	n/a	n/a	n/a	n/a	n/a	n/a	n/a	n/a	n/a	n/a	2326.276914	n/a
2326.878981	2.031314	465376	time_discrimination	n/a	n/a	n/a	72.0	n/a	n/a	n/a	2326.27691425	n/a	2.9294796969625168	2.0	1	2.0	NB_4_LongA.png	n/a	3	2331.83977475	n/a	42	1	1	intervals/timediscrimination_table	41	2326.878981	2328.910295
2326.878981	0.000000	465376	ttl	1	72	n/a	n/a	n/a	n/a	n/a	n/a	n/a	n/a	n/a	n/a	n/a	n/a	n/a	n/a	n/a	n/a	n/a	n/a	n/a	n/a	n/a	2326.878981	n/a
2328.910295	0.000000	465782	ttl	2	72	n/a	n/a	n/a	n/a	n/a	n/a	n/a	n/a	n/a	n/a	n/a	n/a	n/a	n/a	n/a	n/a	n/a	n/a	n/a	n/a	n/a	2328.910295	n/a
2331.839775	0.000000	466368	ttl	4	72	n/a	n/a	n/a	n/a	n/a	n/a	n/a	n/a	n/a	n/a	n/a	n/a	n/a	n/a	n/a	n/a	n/a	n/a	n/a	n/a	n/a	2331.839775	n/a
2331.858887	0.000000	466372	ttl	11	72	n/a	n/a	n/a	n/a	n/a	n/a	n/a	n/a	n/a	n/a	n/a	n/a	n/a	n/a	n/a	n/a	n/a	n/a	n/a	n/a	n/a	2331.858887	n/a
2332.420807	2.031007	466484	time_discrimination	n/a	n/a	n/a	72.0	n/a	n/a	n/a	2331.85888675	n/a	2.8949266290437663	1.0	3	3.0	HB_26_ShortA.png	n/a	7	2337.3467407499998	n/a	43	2	1	intervals/timediscrimination_table	42	2332.420807	2334.451814
2332.420807	0.000000	466484	ttl	1	72	n/a	n/a	n/a	n/a	n/a	n/a	n/a	n/a	n/a	n/a	n/a	n/a	n/a	n/a	n/a	n/a	n/a	n/a	n/a	n/a	n/a	2332.420807	n/a
2334.451814	0.000000	466890	ttl	2	72	n/a	n/a	n/a	n/a	n/a	n/a	n/a	n/a	n/a	n/a	n/a	n/a	n/a	n/a	n/a	n/a	n/a	n/a	n/a	n/a	n/a	2334.451814	n/a
2337.346741	0.000000	467469	ttl	4	72	n/a	n/a	n/a	n/a	n/a	n/a	n/a	n/a	n/a	n/a	n/a	n/a	n/a	n/a	n/a	n/a	n/a	n/a	n/a	n/a	n/a	2337.346741	n/a
2337.368978	0.000000	467474	ttl	11	72	n/a	n/a	n/a	n/a	n/a	n/a	n/a	n/a	n/a	n/a	n/a	n/a	n/a	n/a	n/a	n/a	n/a	n/a	n/a	n/a	n/a	2337.368978	n/a
2337.970980	2.031308	467594	time_discrimination	n/a	n/a	n/a	72.0	n/a	n/a	n/a	2337.3689784999997	n/a	1.8379545882780803	2.0	3	3.0	HB_18_ShortA.png	n/a	7	2341.8402425	n/a	44	2	2	intervals/timediscrimination_table	43	2337.970980	2340.002288
2337.970980	0.000000	467594	ttl	1	72	n/a	n/a	n/a	n/a	n/a	n/a	n/a	n/a	n/a	n/a	n/a	n/a	n/a	n/a	n/a	n/a	n/a	n/a	n/a	n/a	n/a	2337.970980	n/a
2340.002288	0.000000	468000	ttl	2	72	n/a	n/a	n/a	n/a	n/a	n/a	n/a	n/a	n/a	n/a	n/a	n/a	n/a	n/a	n/a	n/a	n/a	n/a	n/a	n/a	n/a	2340.002288	n/a
2341.840242	0.000000	468368	ttl	4	72	n/a	n/a	n/a	n/a	n/a	n/a	n/a	n/a	n/a	n/a	n/a	n/a	n/a	n/a	n/a	n/a	n/a	n/a	n/a	n/a	n/a	2341.840242	n/a
2341.864707	0.000000	468373	ttl	11	72	n/a	n/a	n/a	n/a	n/a	n/a	n/a	n/a	n/a	n/a	n/a	n/a	n/a	n/a	n/a	n/a	n/a	n/a	n/a	n/a	n/a	2341.864707	n/a
2342.446452	2.031414	468489	time_discrimination	n/a	n/a	n/a	72.0	n/a	n/a	n/a	2341.8647075	n/a	0.9282394987239968	2.0	2	3.0	SB_15_ShortA.png	n/a	7	2345.40610575	n/a	45	2	2	intervals/timediscrimination_table	44	2342.446452	2344.477866
2342.446452	0.000000	468489	ttl	1	72	n/a	n/a	n/a	n/a	n/a	n/a	n/a	n/a	n/a	n/a	n/a	n/a	n/a	n/a	n/a	n/a	n/a	n/a	n/a	n/a	n/a	2342.446452	n/a
2344.477866	0.000000	468896	ttl	2	72	n/a	n/a	n/a	n/a	n/a	n/a	n/a	n/a	n/a	n/a	n/a	n/a	n/a	n/a	n/a	n/a	n/a	n/a	n/a	n/a	n/a	2344.477866	n/a
2345.406106	0.000000	469081	ttl	4	72	n/a	n/a	n/a	n/a	n/a	n/a	n/a	n/a	n/a	n/a	n/a	n/a	n/a	n/a	n/a	n/a	n/a	n/a	n/a	n/a	n/a	2345.406106	n/a
2345.429107	0.000000	469086	ttl	11	72	n/a	n/a	n/a	n/a	n/a	n/a	n/a	n/a	n/a	n/a	n/a	n/a	n/a	n/a	n/a	n/a	n/a	n/a	n/a	n/a	n/a	2345.429107	n/a
2346.031023	2.031409	469206	time_discrimination	n/a	n/a	n/a	72.0	n/a	n/a	n/a	2345.429107	n/a	1.8132675194938201	2.0	1	2.0	NB_2_ShortA.png	n/a	6	2349.8757	n/a	46	2	2	intervals/timediscrimination_table	45	2346.031023	2348.062432
2346.031023	0.000000	469206	ttl	1	72	n/a	n/a	n/a	n/a	n/a	n/a	n/a	n/a	n/a	n/a	n/a	n/a	n/a	n/a	n/a	n/a	n/a	n/a	n/a	n/a	n/a	2346.031023	n/a
2348.062432	0.000000	469612	ttl	2	72	n/a	n/a	n/a	n/a	n/a	n/a	n/a	n/a	n/a	n/a	n/a	n/a	n/a	n/a	n/a	n/a	n/a	n/a	n/a	n/a	n/a	2348.062432	n/a
2349.875700	0.000000	469975	ttl	4	72	n/a	n/a	n/a	n/a	n/a	n/a	n/a	n/a	n/a	n/a	n/a	n/a	n/a	n/a	n/a	n/a	n/a	n/a	n/a	n/a	n/a	2349.875700	n/a
2349.883335	0.000000	469977	ttl	11	72	n/a	n/a	n/a	n/a	n/a	n/a	n/a	n/a	n/a	n/a	n/a	n/a	n/a	n/a	n/a	n/a	n/a	n/a	n/a	n/a	n/a	2349.883335	n/a
2350.445216	2.031170	470089	time_discrimination	n/a	n/a	n/a	72.0	n/a	n/a	n/a	2349.8833354999997	n/a	1.6600051538989646	2.0	2	3.0	SB_5_ShortA.png	n/a	7	2354.136391	n/a	47	2	2	intervals/timediscrimination_table	46	2350.445216	2352.476386
2350.445216	0.000000	470089	ttl	1	72	n/a	n/a	n/a	n/a	n/a	n/a	n/a	n/a	n/a	n/a	n/a	n/a	n/a	n/a	n/a	n/a	n/a	n/a	n/a	n/a	n/a	2350.445216	n/a
2352.476386	0.000000	470495	ttl	2	72	n/a	n/a	n/a	n/a	n/a	n/a	n/a	n/a	n/a	n/a	n/a	n/a	n/a	n/a	n/a	n/a	n/a	n/a	n/a	n/a	n/a	2352.476386	n/a
2354.136391	0.000000	470827	ttl	4	72	n/a	n/a	n/a	n/a	n/a	n/a	n/a	n/a	n/a	n/a	n/a	n/a	n/a	n/a	n/a	n/a	n/a	n/a	n/a	n/a	n/a	2354.136391	n/a
2354.152997	0.000000	470831	ttl	11	72	n/a	n/a	n/a	n/a	n/a	n/a	n/a	n/a	n/a	n/a	n/a	n/a	n/a	n/a	n/a	n/a	n/a	n/a	n/a	n/a	n/a	2354.152997	n/a
2354.815119	2.031303	470963	time_discrimination	n/a	n/a	n/a	72.0	n/a	n/a	n/a	2354.15299675	n/a	1.888121499097906	2.0	3	3.0	HB_30_ShortA.png	n/a	2	2358.73454375	n/a	48	1	1	intervals/timediscrimination_table	47	2354.815119	2356.846422
2354.815119	0.000000	470963	ttl	1	72	n/a	n/a	n/a	n/a	n/a	n/a	n/a	n/a	n/a	n/a	n/a	n/a	n/a	n/a	n/a	n/a	n/a	n/a	n/a	n/a	n/a	2354.815119	n/a
2356.846422	0.000000	471369	ttl	2	72	n/a	n/a	n/a	n/a	n/a	n/a	n/a	n/a	n/a	n/a	n/a	n/a	n/a	n/a	n/a	n/a	n/a	n/a	n/a	n/a	n/a	2356.846422	n/a
2358.734544	0.000000	471747	ttl	4	72	n/a	n/a	n/a	n/a	n/a	n/a	n/a	n/a	n/a	n/a	n/a	n/a	n/a	n/a	n/a	n/a	n/a	n/a	n/a	n/a	n/a	2358.734544	n/a
2358.747050	0.000000	471749	ttl	11	72	n/a	n/a	n/a	n/a	n/a	n/a	n/a	n/a	n/a	n/a	n/a	n/a	n/a	n/a	n/a	n/a	n/a	n/a	n/a	n/a	n/a	2358.747050	n/a
2359.329043	2.031286	471866	time_discrimination	n/a	n/a	n/a	72.0	n/a	n/a	n/a	2358.74705025	n/a	0.5784459099959349	1.0	3	3.0	HB_45_LongA.png	n/a	2	2361.9387755	n/a	49	1	2	intervals/timediscrimination_table	48	2359.329043	2361.360329
2359.329043	0.000000	471866	ttl	1	72	n/a	n/a	n/a	n/a	n/a	n/a	n/a	n/a	n/a	n/a	n/a	n/a	n/a	n/a	n/a	n/a	n/a	n/a	n/a	n/a	n/a	2359.329043	n/a
2361.360329	0.000000	472272	ttl	2	72	n/a	n/a	n/a	n/a	n/a	n/a	n/a	n/a	n/a	n/a	n/a	n/a	n/a	n/a	n/a	n/a	n/a	n/a	n/a	n/a	n/a	2361.360329	n/a
2361.938775	0.000000	472388	ttl	4	72	n/a	n/a	n/a	n/a	n/a	n/a	n/a	n/a	n/a	n/a	n/a	n/a	n/a	n/a	n/a	n/a	n/a	n/a	n/a	n/a	n/a	2361.938775	n/a
2361.949136	0.000000	472390	ttl	11	72	n/a	n/a	n/a	n/a	n/a	n/a	n/a	n/a	n/a	n/a	n/a	n/a	n/a	n/a	n/a	n/a	n/a	n/a	n/a	n/a	n/a	2361.949136	n/a
2362.571216	2.031340	472514	time_discrimination	n/a	n/a	n/a	72.0	n/a	n/a	n/a	2361.9491359999997	n/a	2.310315818845993	2.0	3	3.0	HB_46_ShortA.png	n/a	7	2366.912871	n/a	50	2	2	intervals/timediscrimination_table	49	2362.571216	2364.602555
2362.571216	0.000000	472514	ttl	1	72	n/a	n/a	n/a	n/a	n/a	n/a	n/a	n/a	n/a	n/a	n/a	n/a	n/a	n/a	n/a	n/a	n/a	n/a	n/a	n/a	n/a	2362.571216	n/a
2364.602555	0.000000	472921	ttl	2	72	n/a	n/a	n/a	n/a	n/a	n/a	n/a	n/a	n/a	n/a	n/a	n/a	n/a	n/a	n/a	n/a	n/a	n/a	n/a	n/a	n/a	2364.602555	n/a
2366.912871	0.000000	473383	ttl	4	72	n/a	n/a	n/a	n/a	n/a	n/a	n/a	n/a	n/a	n/a	n/a	n/a	n/a	n/a	n/a	n/a	n/a	n/a	n/a	n/a	n/a	2366.912871	n/a
2366.918745	0.000000	473384	ttl	11	72	n/a	n/a	n/a	n/a	n/a	n/a	n/a	n/a	n/a	n/a	n/a	n/a	n/a	n/a	n/a	n/a	n/a	n/a	n/a	n/a	n/a	2366.918745	n/a
2367.480853	2.031316	473496	time_discrimination	n/a	n/a	n/a	72.0	n/a	n/a	n/a	2366.91874525	n/a	3.366963199150632	1.0	3	3.0	HB_38_LongA.png	n/a	7	2372.8791324999997	n/a	51	2	1	intervals/timediscrimination_table	50	2367.480853	2369.512169
2367.480853	0.000000	473496	ttl	1	72	n/a	n/a	n/a	n/a	n/a	n/a	n/a	n/a	n/a	n/a	n/a	n/a	n/a	n/a	n/a	n/a	n/a	n/a	n/a	n/a	n/a	2367.480853	n/a
2369.512169	0.000000	473902	ttl	2	72	n/a	n/a	n/a	n/a	n/a	n/a	n/a	n/a	n/a	n/a	n/a	n/a	n/a	n/a	n/a	n/a	n/a	n/a	n/a	n/a	n/a	2369.512169	n/a
2372.879132	0.000000	474576	ttl	4	72	n/a	n/a	n/a	n/a	n/a	n/a	n/a	n/a	n/a	n/a	n/a	n/a	n/a	n/a	n/a	n/a	n/a	n/a	n/a	n/a	n/a	2372.879132	n/a
2372.896968	0.000000	474579	ttl	11	72	n/a	n/a	n/a	n/a	n/a	n/a	n/a	n/a	n/a	n/a	n/a	n/a	n/a	n/a	n/a	n/a	n/a	n/a	n/a	n/a	n/a	2372.896968	n/a
2373.519250	2.031292	474704	time_discrimination	n/a	n/a	n/a	72.0	n/a	n/a	n/a	2372.896968	n/a	0.8363474184880033	2.0	1	2.0	NB_27_ShortA.png	n/a	6	2376.3868899999998	n/a	52	2	2	intervals/timediscrimination_table	51	2373.519250	2375.550543
2373.519250	0.000000	474704	ttl	1	72	n/a	n/a	n/a	n/a	n/a	n/a	n/a	n/a	n/a	n/a	n/a	n/a	n/a	n/a	n/a	n/a	n/a	n/a	n/a	n/a	n/a	2373.519250	n/a
2375.550543	0.000000	475110	ttl	2	72	n/a	n/a	n/a	n/a	n/a	n/a	n/a	n/a	n/a	n/a	n/a	n/a	n/a	n/a	n/a	n/a	n/a	n/a	n/a	n/a	n/a	2375.550543	n/a
2376.386890	0.000000	475277	ttl	4	72	n/a	n/a	n/a	n/a	n/a	n/a	n/a	n/a	n/a	n/a	n/a	n/a	n/a	n/a	n/a	n/a	n/a	n/a	n/a	n/a	n/a	2376.386890	n/a
2376.409480	0.000000	475282	ttl	11	72	n/a	n/a	n/a	n/a	n/a	n/a	n/a	n/a	n/a	n/a	n/a	n/a	n/a	n/a	n/a	n/a	n/a	n/a	n/a	n/a	n/a	2376.409480	n/a
2377.031568	2.031482	475406	time_discrimination	n/a	n/a	n/a	72.0	n/a	n/a	n/a	2376.4094795	n/a	2.4260753675334854	2.0	2	3.0	SB_22_LongA.png	n/a	2	2381.489125	n/a	53	1	1	intervals/timediscrimination_table	52	2377.031568	2379.063050
2377.031568	0.000000	475406	ttl	1	72	n/a	n/a	n/a	n/a	n/a	n/a	n/a	n/a	n/a	n/a	n/a	n/a	n/a	n/a	n/a	n/a	n/a	n/a	n/a	n/a	n/a	2377.031568	n/a
2379.063050	0.000000	475813	ttl	2	72	n/a	n/a	n/a	n/a	n/a	n/a	n/a	n/a	n/a	n/a	n/a	n/a	n/a	n/a	n/a	n/a	n/a	n/a	n/a	n/a	n/a	2379.063050	n/a
2381.489125	0.000000	476298	ttl	4	72	n/a	n/a	n/a	n/a	n/a	n/a	n/a	n/a	n/a	n/a	n/a	n/a	n/a	n/a	n/a	n/a	n/a	n/a	n/a	n/a	n/a	2381.489125	n/a
2381.502229	0.000000	476300	ttl	11	72	n/a	n/a	n/a	n/a	n/a	n/a	n/a	n/a	n/a	n/a	n/a	n/a	n/a	n/a	n/a	n/a	n/a	n/a	n/a	n/a	n/a	2381.502229	n/a
2382.084102	2.031467	476417	time_discrimination	n/a	n/a	n/a	72.0	n/a	n/a	n/a	2381.5022289999997	n/a	0.5194972695899196	2.0	1	2.0	NB_28_ShortA.png	n/a	3	2384.6350665	n/a	54	1	1	intervals/timediscrimination_table	53	2382.084102	2384.115569
2382.084102	0.000000	476417	ttl	1	72	n/a	n/a	n/a	n/a	n/a	n/a	n/a	n/a	n/a	n/a	n/a	n/a	n/a	n/a	n/a	n/a	n/a	n/a	n/a	n/a	n/a	2382.084102	n/a
2384.115569	0.000000	476823	ttl	2	72	n/a	n/a	n/a	n/a	n/a	n/a	n/a	n/a	n/a	n/a	n/a	n/a	n/a	n/a	n/a	n/a	n/a	n/a	n/a	n/a	n/a	2384.115569	n/a
2384.635066	0.000000	476927	ttl	4	72	n/a	n/a	n/a	n/a	n/a	n/a	n/a	n/a	n/a	n/a	n/a	n/a	n/a	n/a	n/a	n/a	n/a	n/a	n/a	n/a	n/a	2384.635066	n/a
2384.658687	0.000000	476932	ttl	11	72	n/a	n/a	n/a	n/a	n/a	n/a	n/a	n/a	n/a	n/a	n/a	n/a	n/a	n/a	n/a	n/a	n/a	n/a	n/a	n/a	n/a	2384.658687	n/a
2385.260419	2.031768	477052	time_discrimination	n/a	n/a	n/a	72.0	n/a	n/a	n/a	2384.65868675	n/a	3.300166209737654	2.0	1	2.0	NB_23_LongA.png	n/a	3	2390.59235325	n/a	55	1	1	intervals/timediscrimination_table	54	2385.260419	2387.292187
2385.260419	0.000000	477052	ttl	1	72	n/a	n/a	n/a	n/a	n/a	n/a	n/a	n/a	n/a	n/a	n/a	n/a	n/a	n/a	n/a	n/a	n/a	n/a	n/a	n/a	n/a	2385.260419	n/a
2387.292187	0.000000	477458	ttl	2	72	n/a	n/a	n/a	n/a	n/a	n/a	n/a	n/a	n/a	n/a	n/a	n/a	n/a	n/a	n/a	n/a	n/a	n/a	n/a	n/a	n/a	2387.292187	n/a
2390.592353	0.000000	478118	ttl	4	72	n/a	n/a	n/a	n/a	n/a	n/a	n/a	n/a	n/a	n/a	n/a	n/a	n/a	n/a	n/a	n/a	n/a	n/a	n/a	n/a	n/a	2390.592353	n/a
2390.600679	0.000000	478120	ttl	11	72	n/a	n/a	n/a	n/a	n/a	n/a	n/a	n/a	n/a	n/a	n/a	n/a	n/a	n/a	n/a	n/a	n/a	n/a	n/a	n/a	n/a	2390.600679	n/a
2391.222828	2.030765	478245	time_discrimination	n/a	n/a	n/a	72.0	n/a	n/a	n/a	2390.6006795	n/a	1.4172479350527283	2.0	1	2.0	NB_15_ShortA.png	n/a	6	2394.67084075	n/a	56	2	2	intervals/timediscrimination_table	55	2391.222828	2393.253593
2391.222828	0.000000	478245	ttl	1	72	n/a	n/a	n/a	n/a	n/a	n/a	n/a	n/a	n/a	n/a	n/a	n/a	n/a	n/a	n/a	n/a	n/a	n/a	n/a	n/a	n/a	2391.222828	n/a
2393.253593	0.000000	478651	ttl	2	72	n/a	n/a	n/a	n/a	n/a	n/a	n/a	n/a	n/a	n/a	n/a	n/a	n/a	n/a	n/a	n/a	n/a	n/a	n/a	n/a	n/a	2393.253593	n/a
2394.670841	0.000000	478934	ttl	4	72	n/a	n/a	n/a	n/a	n/a	n/a	n/a	n/a	n/a	n/a	n/a	n/a	n/a	n/a	n/a	n/a	n/a	n/a	n/a	n/a	n/a	2394.670841	n/a
2394.693141	0.000000	478939	ttl	11	72	n/a	n/a	n/a	n/a	n/a	n/a	n/a	n/a	n/a	n/a	n/a	n/a	n/a	n/a	n/a	n/a	n/a	n/a	n/a	n/a	n/a	2394.693141	n/a
2395.355334	2.031257	479071	time_discrimination	n/a	n/a	n/a	72.0	n/a	n/a	n/a	2394.6931405	n/a	2.157082214296679	2.0	2	3.0	SB_55_LongA.png	n/a	7	2399.5436735	n/a	57	2	2	intervals/timediscrimination_table	56	2395.355334	2397.386591
2395.355334	0.000000	479071	ttl	1	72	n/a	n/a	n/a	n/a	n/a	n/a	n/a	n/a	n/a	n/a	n/a	n/a	n/a	n/a	n/a	n/a	n/a	n/a	n/a	n/a	n/a	2395.355334	n/a
2397.386591	0.000000	479477	ttl	2	72	n/a	n/a	n/a	n/a	n/a	n/a	n/a	n/a	n/a	n/a	n/a	n/a	n/a	n/a	n/a	n/a	n/a	n/a	n/a	n/a	n/a	2397.386591	n/a
2399.543673	0.000000	479909	ttl	4	72	n/a	n/a	n/a	n/a	n/a	n/a	n/a	n/a	n/a	n/a	n/a	n/a	n/a	n/a	n/a	n/a	n/a	n/a	n/a	n/a	n/a	2399.543673	n/a
2399.550465	0.000000	479910	ttl	11	72	n/a	n/a	n/a	n/a	n/a	n/a	n/a	n/a	n/a	n/a	n/a	n/a	n/a	n/a	n/a	n/a	n/a	n/a	n/a	n/a	n/a	2399.550465	n/a
2400.112127	2.031543	480022	time_discrimination	n/a	n/a	n/a	72.0	n/a	n/a	n/a	2399.5504655	n/a	2.4659763582167216	2.0	1	2.0	NB_5_ShortA.png	n/a	3	2404.6096465	n/a	58	1	1	intervals/timediscrimination_table	57	2400.112127	2402.143670
2400.112127	0.000000	480022	ttl	1	72	n/a	n/a	n/a	n/a	n/a	n/a	n/a	n/a	n/a	n/a	n/a	n/a	n/a	n/a	n/a	n/a	n/a	n/a	n/a	n/a	n/a	2400.112127	n/a
2402.143670	0.000000	480429	ttl	2	72	n/a	n/a	n/a	n/a	n/a	n/a	n/a	n/a	n/a	n/a	n/a	n/a	n/a	n/a	n/a	n/a	n/a	n/a	n/a	n/a	n/a	2402.143670	n/a
2404.609647	0.000000	480922	ttl	4	72	n/a	n/a	n/a	n/a	n/a	n/a	n/a	n/a	n/a	n/a	n/a	n/a	n/a	n/a	n/a	n/a	n/a	n/a	n/a	n/a	n/a	2404.609647	n/a
2404.614794	0.000000	480923	ttl	11	72	n/a	n/a	n/a	n/a	n/a	n/a	n/a	n/a	n/a	n/a	n/a	n/a	n/a	n/a	n/a	n/a	n/a	n/a	n/a	n/a	n/a	2404.614794	n/a
2405.257127	2.031641	481051	time_discrimination	n/a	n/a	n/a	72.0	n/a	n/a	n/a	2404.6147942499997	n/a	0.0	2.0	2	0.0	SB_49_ShortA.png	n/a	1	2407.28976725	n/a	59	1	1	intervals/timediscrimination_table	58	2405.257127	2407.288767
2405.257127	0.000000	481051	ttl	1	72	n/a	n/a	n/a	n/a	n/a	n/a	n/a	n/a	n/a	n/a	n/a	n/a	n/a	n/a	n/a	n/a	n/a	n/a	n/a	n/a	n/a	2405.257127	n/a
2407.288767	0.000000	481458	ttl	2	72	n/a	n/a	n/a	n/a	n/a	n/a	n/a	n/a	n/a	n/a	n/a	n/a	n/a	n/a	n/a	n/a	n/a	n/a	n/a	n/a	n/a	2407.288767	n/a
2410.377729	0.000000	482076	ttl	11	72	n/a	n/a	n/a	n/a	n/a	n/a	n/a	n/a	n/a	n/a	n/a	n/a	n/a	n/a	n/a	n/a	n/a	n/a	n/a	n/a	n/a	2410.377729	n/a
2410.939508	2.031442	482188	time_discrimination	n/a	n/a	n/a	72.0	n/a	n/a	n/a	2410.377729	n/a	1.8944104996771784	2.0	1	2.0	NB_24_LongA.png	n/a	6	2414.86536075	n/a	60	2	2	intervals/timediscrimination_table	59	2410.939508	2412.970950
2410.939508	0.000000	482188	ttl	1	72	n/a	n/a	n/a	n/a	n/a	n/a	n/a	n/a	n/a	n/a	n/a	n/a	n/a	n/a	n/a	n/a	n/a	n/a	n/a	n/a	n/a	2410.939508	n/a
2412.970950	0.000000	482594	ttl	2	72	n/a	n/a	n/a	n/a	n/a	n/a	n/a	n/a	n/a	n/a	n/a	n/a	n/a	n/a	n/a	n/a	n/a	n/a	n/a	n/a	n/a	2412.970950	n/a
2414.865361	0.000000	482973	ttl	4	72	n/a	n/a	n/a	n/a	n/a	n/a	n/a	n/a	n/a	n/a	n/a	n/a	n/a	n/a	n/a	n/a	n/a	n/a	n/a	n/a	n/a	2414.865361	n/a
2414.871151	0.000000	482974	ttl	11	72	n/a	n/a	n/a	n/a	n/a	n/a	n/a	n/a	n/a	n/a	n/a	n/a	n/a	n/a	n/a	n/a	n/a	n/a	n/a	n/a	n/a	2414.871151	n/a
2415.533639	2.031159	483107	time_discrimination	n/a	n/a	n/a	72.0	n/a	n/a	n/a	2414.8711505	n/a	1.2916162845358485	2.0	1	2.0	NB_18_LongA.png	n/a	6	2418.8564134999997	n/a	61	2	2	intervals/timediscrimination_table	60	2415.533639	2417.564797
2415.533639	0.000000	483107	ttl	1	72	n/a	n/a	n/a	n/a	n/a	n/a	n/a	n/a	n/a	n/a	n/a	n/a	n/a	n/a	n/a	n/a	n/a	n/a	n/a	n/a	n/a	2415.533639	n/a
2417.564797	0.000000	483513	ttl	2	72	n/a	n/a	n/a	n/a	n/a	n/a	n/a	n/a	n/a	n/a	n/a	n/a	n/a	n/a	n/a	n/a	n/a	n/a	n/a	n/a	n/a	2417.564797	n/a
2418.856413	0.000000	483771	ttl	4	72	n/a	n/a	n/a	n/a	n/a	n/a	n/a	n/a	n/a	n/a	n/a	n/a	n/a	n/a	n/a	n/a	n/a	n/a	n/a	n/a	n/a	2418.856413	n/a
2418.877218	0.000000	483775	ttl	11	72	n/a	n/a	n/a	n/a	n/a	n/a	n/a	n/a	n/a	n/a	n/a	n/a	n/a	n/a	n/a	n/a	n/a	n/a	n/a	n/a	n/a	2418.877218	n/a
2419.499295	2.031337	483900	time_discrimination	n/a	n/a	n/a	72.0	n/a	n/a	n/a	2418.8772185	n/a	2.438675549943582	2.0	1	2.0	NB_14_ShortA.png	n/a	6	2423.96930775	n/a	62	2	2	intervals/timediscrimination_table	61	2419.499295	2421.530632
2419.499295	0.000000	483900	ttl	1	72	n/a	n/a	n/a	n/a	n/a	n/a	n/a	n/a	n/a	n/a	n/a	n/a	n/a	n/a	n/a	n/a	n/a	n/a	n/a	n/a	n/a	2419.499295	n/a
2421.530632	0.000000	484306	ttl	2	72	n/a	n/a	n/a	n/a	n/a	n/a	n/a	n/a	n/a	n/a	n/a	n/a	n/a	n/a	n/a	n/a	n/a	n/a	n/a	n/a	n/a	2421.530632	n/a
2423.969308	0.000000	484794	ttl	4	72	n/a	n/a	n/a	n/a	n/a	n/a	n/a	n/a	n/a	n/a	n/a	n/a	n/a	n/a	n/a	n/a	n/a	n/a	n/a	n/a	n/a	2423.969308	n/a
2423.994295	0.000000	484799	ttl	11	72	n/a	n/a	n/a	n/a	n/a	n/a	n/a	n/a	n/a	n/a	n/a	n/a	n/a	n/a	n/a	n/a	n/a	n/a	n/a	n/a	n/a	2423.994295	n/a
2424.596207	2.031263	484919	time_discrimination	n/a	n/a	n/a	72.0	n/a	n/a	n/a	2423.99429475	n/a	0.920273422205355	2.0	1	2.0	NB_11_LongA.png	n/a	6	2427.5477435	n/a	63	2	2	intervals/timediscrimination_table	62	2424.596207	2426.627470
2424.596207	0.000000	484919	ttl	1	72	n/a	n/a	n/a	n/a	n/a	n/a	n/a	n/a	n/a	n/a	n/a	n/a	n/a	n/a	n/a	n/a	n/a	n/a	n/a	n/a	n/a	2424.596207	n/a
2426.627470	0.000000	485325	ttl	2	72	n/a	n/a	n/a	n/a	n/a	n/a	n/a	n/a	n/a	n/a	n/a	n/a	n/a	n/a	n/a	n/a	n/a	n/a	n/a	n/a	n/a	2426.627470	n/a
2427.547743	0.000000	485510	ttl	4	72	n/a	n/a	n/a	n/a	n/a	n/a	n/a	n/a	n/a	n/a	n/a	n/a	n/a	n/a	n/a	n/a	n/a	n/a	n/a	n/a	n/a	2427.547743	n/a
2427.552975	0.000000	485511	ttl	11	72	n/a	n/a	n/a	n/a	n/a	n/a	n/a	n/a	n/a	n/a	n/a	n/a	n/a	n/a	n/a	n/a	n/a	n/a	n/a	n/a	n/a	2427.552975	n/a
2428.175119	2.031499	485635	time_discrimination	n/a	n/a	n/a	72.0	n/a	n/a	n/a	2427.5529755	n/a	2.9601812237669947	1.0	3	3.0	HB_54_LongA.png	n/a	7	2433.1667992499997	n/a	64	2	1	intervals/timediscrimination_table	63	2428.175119	2430.206618
2428.175119	0.000000	485635	ttl	1	72	n/a	n/a	n/a	n/a	n/a	n/a	n/a	n/a	n/a	n/a	n/a	n/a	n/a	n/a	n/a	n/a	n/a	n/a	n/a	n/a	n/a	2428.175119	n/a
2430.206618	0.000000	486041	ttl	2	72	n/a	n/a	n/a	n/a	n/a	n/a	n/a	n/a	n/a	n/a	n/a	n/a	n/a	n/a	n/a	n/a	n/a	n/a	n/a	n/a	n/a	2430.206618	n/a
2433.166799	0.000000	486633	ttl	4	72	n/a	n/a	n/a	n/a	n/a	n/a	n/a	n/a	n/a	n/a	n/a	n/a	n/a	n/a	n/a	n/a	n/a	n/a	n/a	n/a	n/a	2433.166799	n/a
2433.188897	0.000000	486638	ttl	11	72	n/a	n/a	n/a	n/a	n/a	n/a	n/a	n/a	n/a	n/a	n/a	n/a	n/a	n/a	n/a	n/a	n/a	n/a	n/a	n/a	n/a	2433.188897	n/a
2433.851134	2.030970	486770	time_discrimination	n/a	n/a	n/a	72.0	n/a	n/a	n/a	2433.18889725	n/a	2.048815844638739	2.0	3	3.0	HB_8_ShortA.png	n/a	7	2437.93092	n/a	65	2	2	intervals/timediscrimination_table	64	2433.851134	2435.882104
2433.851134	0.000000	486770	ttl	1	72	n/a	n/a	n/a	n/a	n/a	n/a	n/a	n/a	n/a	n/a	n/a	n/a	n/a	n/a	n/a	n/a	n/a	n/a	n/a	n/a	n/a	2433.851134	n/a
2435.882104	0.000000	487176	ttl	2	72	n/a	n/a	n/a	n/a	n/a	n/a	n/a	n/a	n/a	n/a	n/a	n/a	n/a	n/a	n/a	n/a	n/a	n/a	n/a	n/a	n/a	2435.882104	n/a
2437.930920	0.000000	487586	ttl	4	72	n/a	n/a	n/a	n/a	n/a	n/a	n/a	n/a	n/a	n/a	n/a	n/a	n/a	n/a	n/a	n/a	n/a	n/a	n/a	n/a	n/a	2437.930920	n/a
2437.944785	0.000000	487589	ttl	11	72	n/a	n/a	n/a	n/a	n/a	n/a	n/a	n/a	n/a	n/a	n/a	n/a	n/a	n/a	n/a	n/a	n/a	n/a	n/a	n/a	n/a	2437.944785	n/a
2438.506793	2.031279	487701	time_discrimination	n/a	n/a	n/a	72.0	n/a	n/a	n/a	2437.9447852499998	n/a	1.8914147343311924	2.0	2	3.0	SB_6_LongA.png	n/a	7	2442.429486	n/a	66	2	2	intervals/timediscrimination_table	65	2438.506793	2440.538071
2438.506793	0.000000	487701	ttl	1	72	n/a	n/a	n/a	n/a	n/a	n/a	n/a	n/a	n/a	n/a	n/a	n/a	n/a	n/a	n/a	n/a	n/a	n/a	n/a	n/a	n/a	2438.506793	n/a
2440.538071	0.000000	488108	ttl	2	72	n/a	n/a	n/a	n/a	n/a	n/a	n/a	n/a	n/a	n/a	n/a	n/a	n/a	n/a	n/a	n/a	n/a	n/a	n/a	n/a	n/a	2440.538071	n/a
2442.429486	0.000000	488486	ttl	4	72	n/a	n/a	n/a	n/a	n/a	n/a	n/a	n/a	n/a	n/a	n/a	n/a	n/a	n/a	n/a	n/a	n/a	n/a	n/a	n/a	n/a	2442.429486	n/a
2442.438776	0.000000	488488	ttl	11	72	n/a	n/a	n/a	n/a	n/a	n/a	n/a	n/a	n/a	n/a	n/a	n/a	n/a	n/a	n/a	n/a	n/a	n/a	n/a	n/a	n/a	2442.438776	n/a
2443.040810	2.031357	488608	time_discrimination	n/a	n/a	n/a	72.0	n/a	n/a	n/a	2442.438776	n/a	4.183387137862155	1.0	3	3.0	HB_24_LongA.png	n/a	2	2449.2555537499998	n/a	67	1	2	intervals/timediscrimination_table	66	2443.040810	2445.072167
2443.040810	0.000000	488608	ttl	1	72	n/a	n/a	n/a	n/a	n/a	n/a	n/a	n/a	n/a	n/a	n/a	n/a	n/a	n/a	n/a	n/a	n/a	n/a	n/a	n/a	n/a	2443.040810	n/a
2445.072167	0.000000	489014	ttl	2	72	n/a	n/a	n/a	n/a	n/a	n/a	n/a	n/a	n/a	n/a	n/a	n/a	n/a	n/a	n/a	n/a	n/a	n/a	n/a	n/a	n/a	2445.072167	n/a
2449.255554	0.000000	489851	ttl	4	72	n/a	n/a	n/a	n/a	n/a	n/a	n/a	n/a	n/a	n/a	n/a	n/a	n/a	n/a	n/a	n/a	n/a	n/a	n/a	n/a	n/a	2449.255554	n/a
2449.274198	0.000000	489855	ttl	11	72	n/a	n/a	n/a	n/a	n/a	n/a	n/a	n/a	n/a	n/a	n/a	n/a	n/a	n/a	n/a	n/a	n/a	n/a	n/a	n/a	n/a	2449.274198	n/a
2449.876205	2.031346	489975	time_discrimination	n/a	n/a	n/a	72.0	n/a	n/a	n/a	2449.2741982499997	n/a	3.3157252484816127	2.0	2	3.0	SB_8_ShortA.png	n/a	7	2455.2232759999997	n/a	68	2	2	intervals/timediscrimination_table	67	2449.876205	2451.907551
2449.876205	0.000000	489975	ttl	1	72	n/a	n/a	n/a	n/a	n/a	n/a	n/a	n/a	n/a	n/a	n/a	n/a	n/a	n/a	n/a	n/a	n/a	n/a	n/a	n/a	n/a	2449.876205	n/a
2451.907551	0.000000	490382	ttl	2	72	n/a	n/a	n/a	n/a	n/a	n/a	n/a	n/a	n/a	n/a	n/a	n/a	n/a	n/a	n/a	n/a	n/a	n/a	n/a	n/a	n/a	2451.907551	n/a
2455.223276	0.000000	491045	ttl	4	72	n/a	n/a	n/a	n/a	n/a	n/a	n/a	n/a	n/a	n/a	n/a	n/a	n/a	n/a	n/a	n/a	n/a	n/a	n/a	n/a	n/a	2455.223276	n/a
2455.247620	0.000000	491050	ttl	11	72	n/a	n/a	n/a	n/a	n/a	n/a	n/a	n/a	n/a	n/a	n/a	n/a	n/a	n/a	n/a	n/a	n/a	n/a	n/a	n/a	n/a	2455.247620	n/a
2455.909793	2.031369	491182	time_discrimination	n/a	n/a	n/a	72.0	n/a	n/a	n/a	2455.2476205	n/a	2.974488291409216	2.0	1	2.0	NB_6_LongA.png	n/a	6	2460.91565025	n/a	69	2	2	intervals/timediscrimination_table	68	2455.909793	2457.941162
2455.909793	0.000000	491182	ttl	1	72	n/a	n/a	n/a	n/a	n/a	n/a	n/a	n/a	n/a	n/a	n/a	n/a	n/a	n/a	n/a	n/a	n/a	n/a	n/a	n/a	n/a	2455.909793	n/a
2457.941162	0.000000	491588	ttl	2	72	n/a	n/a	n/a	n/a	n/a	n/a	n/a	n/a	n/a	n/a	n/a	n/a	n/a	n/a	n/a	n/a	n/a	n/a	n/a	n/a	n/a	2457.941162	n/a
2460.915650	0.000000	492183	ttl	4	72	n/a	n/a	n/a	n/a	n/a	n/a	n/a	n/a	n/a	n/a	n/a	n/a	n/a	n/a	n/a	n/a	n/a	n/a	n/a	n/a	n/a	2460.915650	n/a
2460.936487	0.000000	492187	ttl	11	72	n/a	n/a	n/a	n/a	n/a	n/a	n/a	n/a	n/a	n/a	n/a	n/a	n/a	n/a	n/a	n/a	n/a	n/a	n/a	n/a	n/a	2460.936487	n/a
2461.538327	2.031479	492308	time_discrimination	n/a	n/a	n/a	72.0	n/a	n/a	n/a	2460.936487	n/a	3.3918354846100556	2.0	1	1.0	NB_19_LongA.png	n/a	4	2466.9616415	n/a	70	1	1	intervals/timediscrimination_table	69	2461.538327	2463.569806
2461.538327	0.000000	492308	ttl	1	72	n/a	n/a	n/a	n/a	n/a	n/a	n/a	n/a	n/a	n/a	n/a	n/a	n/a	n/a	n/a	n/a	n/a	n/a	n/a	n/a	n/a	2461.538327	n/a
2463.569806	0.000000	492714	ttl	2	72	n/a	n/a	n/a	n/a	n/a	n/a	n/a	n/a	n/a	n/a	n/a	n/a	n/a	n/a	n/a	n/a	n/a	n/a	n/a	n/a	n/a	2463.569806	n/a
2466.961642	0.000000	493392	ttl	4	72	n/a	n/a	n/a	n/a	n/a	n/a	n/a	n/a	n/a	n/a	n/a	n/a	n/a	n/a	n/a	n/a	n/a	n/a	n/a	n/a	n/a	2466.961642	n/a
2466.974201	0.000000	493395	ttl	11	72	n/a	n/a	n/a	n/a	n/a	n/a	n/a	n/a	n/a	n/a	n/a	n/a	n/a	n/a	n/a	n/a	n/a	n/a	n/a	n/a	n/a	2466.974201	n/a
2467.596186	2.031048	493519	time_discrimination	n/a	n/a	n/a	72.0	n/a	n/a	n/a	2466.974201	n/a	1.5551772071776213	2.0	2	3.0	SB_46_LongA.png	n/a	2	2471.1824115	n/a	71	1	1	intervals/timediscrimination_table	70	2467.596186	2469.627234
2467.596186	0.000000	493519	ttl	1	72	n/a	n/a	n/a	n/a	n/a	n/a	n/a	n/a	n/a	n/a	n/a	n/a	n/a	n/a	n/a	n/a	n/a	n/a	n/a	n/a	n/a	2467.596186	n/a
2469.627234	0.000000	493925	ttl	2	72	n/a	n/a	n/a	n/a	n/a	n/a	n/a	n/a	n/a	n/a	n/a	n/a	n/a	n/a	n/a	n/a	n/a	n/a	n/a	n/a	n/a	2469.627234	n/a
2471.182411	0.000000	494236	ttl	4	72	n/a	n/a	n/a	n/a	n/a	n/a	n/a	n/a	n/a	n/a	n/a	n/a	n/a	n/a	n/a	n/a	n/a	n/a	n/a	n/a	n/a	2471.182411	n/a
2471.192089	0.000000	494238	ttl	11	72	n/a	n/a	n/a	n/a	n/a	n/a	n/a	n/a	n/a	n/a	n/a	n/a	n/a	n/a	n/a	n/a	n/a	n/a	n/a	n/a	n/a	2471.192089	n/a
2471.794207	2.031198	494359	time_discrimination	n/a	n/a	n/a	72.0	n/a	n/a	n/a	2471.19208875	n/a	1.9503149141382892	1.0	3	3.0	HB_22_ShortA.png	n/a	7	2475.77571975	n/a	72	2	1	intervals/timediscrimination_table	71	2471.794207	2473.825405
2471.794207	0.000000	494359	ttl	1	72	n/a	n/a	n/a	n/a	n/a	n/a	n/a	n/a	n/a	n/a	n/a	n/a	n/a	n/a	n/a	n/a	n/a	n/a	n/a	n/a	n/a	2471.794207	n/a
2473.825405	0.000000	494765	ttl	2	72	n/a	n/a	n/a	n/a	n/a	n/a	n/a	n/a	n/a	n/a	n/a	n/a	n/a	n/a	n/a	n/a	n/a	n/a	n/a	n/a	n/a	2473.825405	n/a
2475.775720	0.000000	495155	ttl	4	72	n/a	n/a	n/a	n/a	n/a	n/a	n/a	n/a	n/a	n/a	n/a	n/a	n/a	n/a	n/a	n/a	n/a	n/a	n/a	n/a	n/a	2475.775720	n/a
2475.800187	0.000000	495160	ttl	11	72	n/a	n/a	n/a	n/a	n/a	n/a	n/a	n/a	n/a	n/a	n/a	n/a	n/a	n/a	n/a	n/a	n/a	n/a	n/a	n/a	n/a	2475.800187	n/a
2476.382142	2.031261	495276	time_discrimination	n/a	n/a	n/a	72.0	n/a	n/a	n/a	2475.8001875	n/a	4.023418813521857	2.0	1	2.0	NB_1_LongA.png	n/a	6	2482.4368222499998	n/a	73	2	2	intervals/timediscrimination_table	72	2476.382142	2478.413403
2476.382142	0.000000	495276	ttl	1	72	n/a	n/a	n/a	n/a	n/a	n/a	n/a	n/a	n/a	n/a	n/a	n/a	n/a	n/a	n/a	n/a	n/a	n/a	n/a	n/a	n/a	2476.382142	n/a
2478.413403	0.000000	495683	ttl	2	72	n/a	n/a	n/a	n/a	n/a	n/a	n/a	n/a	n/a	n/a	n/a	n/a	n/a	n/a	n/a	n/a	n/a	n/a	n/a	n/a	n/a	2478.413403	n/a
2482.436822	0.000000	496487	ttl	4	72	n/a	n/a	n/a	n/a	n/a	n/a	n/a	n/a	n/a	n/a	n/a	n/a	n/a	n/a	n/a	n/a	n/a	n/a	n/a	n/a	n/a	2482.436822	n/a
2482.450732	0.000000	496490	ttl	11	72	n/a	n/a	n/a	n/a	n/a	n/a	n/a	n/a	n/a	n/a	n/a	n/a	n/a	n/a	n/a	n/a	n/a	n/a	n/a	n/a	n/a	2482.450732	n/a
2483.092879	2.031154	496619	time_discrimination	n/a	n/a	n/a	72.0	n/a	n/a	n/a	2482.45073225	n/a	1.397232102608541	2.0	2	1.0	SB_48_LongA.png	n/a	5	2486.5212644999997	n/a	74	2	2	intervals/timediscrimination_table	73	2483.092879	2485.124032
2483.092879	0.000000	496619	ttl	1	72	n/a	n/a	n/a	n/a	n/a	n/a	n/a	n/a	n/a	n/a	n/a	n/a	n/a	n/a	n/a	n/a	n/a	n/a	n/a	n/a	n/a	2483.092879	n/a
2485.124032	0.000000	497025	ttl	2	72	n/a	n/a	n/a	n/a	n/a	n/a	n/a	n/a	n/a	n/a	n/a	n/a	n/a	n/a	n/a	n/a	n/a	n/a	n/a	n/a	n/a	2485.124032	n/a
2486.521264	0.000000	497304	ttl	4	72	n/a	n/a	n/a	n/a	n/a	n/a	n/a	n/a	n/a	n/a	n/a	n/a	n/a	n/a	n/a	n/a	n/a	n/a	n/a	n/a	n/a	2486.521264	n/a
2486.538144	0.000000	497308	ttl	11	72	n/a	n/a	n/a	n/a	n/a	n/a	n/a	n/a	n/a	n/a	n/a	n/a	n/a	n/a	n/a	n/a	n/a	n/a	n/a	n/a	n/a	2486.538144	n/a
2487.160185	2.031410	497432	time_discrimination	n/a	n/a	n/a	72.0	n/a	n/a	n/a	2486.5381442499997	n/a	3.496987017817446	1.0	3	2.0	HB_40_ShortA.png	n/a	3	2492.6885825	n/a	75	1	2	intervals/timediscrimination_table	74	2487.160185	2489.191595
2487.160185	0.000000	497432	ttl	1	72	n/a	n/a	n/a	n/a	n/a	n/a	n/a	n/a	n/a	n/a	n/a	n/a	n/a	n/a	n/a	n/a	n/a	n/a	n/a	n/a	n/a	2487.160185	n/a
2489.191595	0.000000	497838	ttl	2	72	n/a	n/a	n/a	n/a	n/a	n/a	n/a	n/a	n/a	n/a	n/a	n/a	n/a	n/a	n/a	n/a	n/a	n/a	n/a	n/a	n/a	2489.191595	n/a
2492.688582	0.000000	498538	ttl	4	72	n/a	n/a	n/a	n/a	n/a	n/a	n/a	n/a	n/a	n/a	n/a	n/a	n/a	n/a	n/a	n/a	n/a	n/a	n/a	n/a	n/a	2492.688582	n/a
2492.705539	0.000000	498541	ttl	11	72	n/a	n/a	n/a	n/a	n/a	n/a	n/a	n/a	n/a	n/a	n/a	n/a	n/a	n/a	n/a	n/a	n/a	n/a	n/a	n/a	n/a	2492.705539	n/a
2493.287564	2.031303	498658	time_discrimination	n/a	n/a	n/a	72.0	n/a	n/a	n/a	2492.705539	n/a	0.7869826945679961	2.0	3	3.0	HB_57_LongA.png	n/a	2	2496.10584975	n/a	76	1	1	intervals/timediscrimination_table	75	2493.287564	2495.318867
2493.287564	0.000000	498658	ttl	1	72	n/a	n/a	n/a	n/a	n/a	n/a	n/a	n/a	n/a	n/a	n/a	n/a	n/a	n/a	n/a	n/a	n/a	n/a	n/a	n/a	n/a	2493.287564	n/a
2495.318867	0.000000	499064	ttl	2	72	n/a	n/a	n/a	n/a	n/a	n/a	n/a	n/a	n/a	n/a	n/a	n/a	n/a	n/a	n/a	n/a	n/a	n/a	n/a	n/a	n/a	2495.318867	n/a
2496.105850	0.000000	499221	ttl	4	72	n/a	n/a	n/a	n/a	n/a	n/a	n/a	n/a	n/a	n/a	n/a	n/a	n/a	n/a	n/a	n/a	n/a	n/a	n/a	n/a	n/a	2496.105850	n/a
2496.115697	0.000000	499223	ttl	11	72	n/a	n/a	n/a	n/a	n/a	n/a	n/a	n/a	n/a	n/a	n/a	n/a	n/a	n/a	n/a	n/a	n/a	n/a	n/a	n/a	n/a	2496.115697	n/a
2496.757845	2.031156	499352	time_discrimination	n/a	n/a	n/a	72.0	n/a	n/a	n/a	2496.1156969999997	n/a	3.0117047574021854	2.0	2	3.0	SB_28_LongA.png	n/a	2	2501.8007055	n/a	77	1	1	intervals/timediscrimination_table	76	2496.757845	2498.789001
2496.757845	0.000000	499352	ttl	1	72	n/a	n/a	n/a	n/a	n/a	n/a	n/a	n/a	n/a	n/a	n/a	n/a	n/a	n/a	n/a	n/a	n/a	n/a	n/a	n/a	n/a	2496.757845	n/a
2498.789001	0.000000	499758	ttl	2	72	n/a	n/a	n/a	n/a	n/a	n/a	n/a	n/a	n/a	n/a	n/a	n/a	n/a	n/a	n/a	n/a	n/a	n/a	n/a	n/a	n/a	2498.789001	n/a
2501.800705	0.000000	500360	ttl	4	72	n/a	n/a	n/a	n/a	n/a	n/a	n/a	n/a	n/a	n/a	n/a	n/a	n/a	n/a	n/a	n/a	n/a	n/a	n/a	n/a	n/a	2501.800705	n/a
2501.813966	0.000000	500363	ttl	11	72	n/a	n/a	n/a	n/a	n/a	n/a	n/a	n/a	n/a	n/a	n/a	n/a	n/a	n/a	n/a	n/a	n/a	n/a	n/a	n/a	n/a	2501.813966	n/a
2502.495974	2.031541	500499	time_discrimination	n/a	n/a	n/a	72.0	n/a	n/a	n/a	2501.81396625	n/a	2.291805690896581	2.0	2	3.0	SB_12_ShortA.png	n/a	2	2506.8193202499997	n/a	78	1	1	intervals/timediscrimination_table	77	2502.495974	2504.527515
2502.495974	0.000000	500499	ttl	1	72	n/a	n/a	n/a	n/a	n/a	n/a	n/a	n/a	n/a	n/a	n/a	n/a	n/a	n/a	n/a	n/a	n/a	n/a	n/a	n/a	n/a	2502.495974	n/a
2504.527515	0.000000	500906	ttl	2	72	n/a	n/a	n/a	n/a	n/a	n/a	n/a	n/a	n/a	n/a	n/a	n/a	n/a	n/a	n/a	n/a	n/a	n/a	n/a	n/a	n/a	2504.527515	n/a
2506.819320	0.000000	501364	ttl	4	72	n/a	n/a	n/a	n/a	n/a	n/a	n/a	n/a	n/a	n/a	n/a	n/a	n/a	n/a	n/a	n/a	n/a	n/a	n/a	n/a	n/a	2506.819320	n/a
2506.835093	0.000000	501367	ttl	11	72	n/a	n/a	n/a	n/a	n/a	n/a	n/a	n/a	n/a	n/a	n/a	n/a	n/a	n/a	n/a	n/a	n/a	n/a	n/a	n/a	n/a	2506.835093	n/a
2507.396990	2.031306	501479	time_discrimination	n/a	n/a	n/a	72.0	n/a	n/a	n/a	2506.8350932499998	n/a	2.023113093469874	2.0	2	3.0	SB_56_ShortA.png	n/a	2	2511.451409	n/a	79	1	1	intervals/timediscrimination_table	78	2507.396990	2509.428296
2507.396990	0.000000	501479	ttl	1	72	n/a	n/a	n/a	n/a	n/a	n/a	n/a	n/a	n/a	n/a	n/a	n/a	n/a	n/a	n/a	n/a	n/a	n/a	n/a	n/a	n/a	2507.396990	n/a
2509.428296	0.000000	501886	ttl	2	72	n/a	n/a	n/a	n/a	n/a	n/a	n/a	n/a	n/a	n/a	n/a	n/a	n/a	n/a	n/a	n/a	n/a	n/a	n/a	n/a	n/a	2509.428296	n/a
2511.451409	0.000000	502290	ttl	4	72	n/a	n/a	n/a	n/a	n/a	n/a	n/a	n/a	n/a	n/a	n/a	n/a	n/a	n/a	n/a	n/a	n/a	n/a	n/a	n/a	n/a	2511.451409	n/a
2511.470225	0.000000	502294	ttl	11	72	n/a	n/a	n/a	n/a	n/a	n/a	n/a	n/a	n/a	n/a	n/a	n/a	n/a	n/a	n/a	n/a	n/a	n/a	n/a	n/a	n/a	2511.470225	n/a
2512.092299	2.031310	502418	time_discrimination	n/a	n/a	n/a	72.0	n/a	n/a	n/a	2511.47022475	n/a	1.1622412324213656	2.0	2	3.0	SB_39_LongA.png	n/a	7	2515.2858499999998	n/a	80	2	2	intervals/timediscrimination_table	79	2512.092299	2514.123609
2512.092299	0.000000	502418	ttl	1	72	n/a	n/a	n/a	n/a	n/a	n/a	n/a	n/a	n/a	n/a	n/a	n/a	n/a	n/a	n/a	n/a	n/a	n/a	n/a	n/a	n/a	2512.092299	n/a
2514.123609	0.000000	502825	ttl	2	72	n/a	n/a	n/a	n/a	n/a	n/a	n/a	n/a	n/a	n/a	n/a	n/a	n/a	n/a	n/a	n/a	n/a	n/a	n/a	n/a	n/a	2514.123609	n/a
2515.285850	0.000000	503057	ttl	4	72	n/a	n/a	n/a	n/a	n/a	n/a	n/a	n/a	n/a	n/a	n/a	n/a	n/a	n/a	n/a	n/a	n/a	n/a	n/a	n/a	n/a	2515.285850	n/a
2515.298901	0.000000	503060	ttl	11	72	n/a	n/a	n/a	n/a	n/a	n/a	n/a	n/a	n/a	n/a	n/a	n/a	n/a	n/a	n/a	n/a	n/a	n/a	n/a	n/a	n/a	2515.298901	n/a
2515.880829	2.031294	503176	time_discrimination	n/a	n/a	n/a	72.0	n/a	n/a	n/a	2515.2989009999997	n/a	2.2610451664950233	1.0	3	3.0	HB_29_ShortA.png	n/a	2	2520.17316825	n/a	81	1	2	intervals/timediscrimination_table	80	2515.880829	2517.912123
2515.880829	0.000000	503176	ttl	1	72	n/a	n/a	n/a	n/a	n/a	n/a	n/a	n/a	n/a	n/a	n/a	n/a	n/a	n/a	n/a	n/a	n/a	n/a	n/a	n/a	n/a	2515.880829	n/a
2517.912123	0.000000	503582	ttl	2	72	n/a	n/a	n/a	n/a	n/a	n/a	n/a	n/a	n/a	n/a	n/a	n/a	n/a	n/a	n/a	n/a	n/a	n/a	n/a	n/a	n/a	2517.912123	n/a
2520.173168	0.000000	504035	ttl	4	72	n/a	n/a	n/a	n/a	n/a	n/a	n/a	n/a	n/a	n/a	n/a	n/a	n/a	n/a	n/a	n/a	n/a	n/a	n/a	n/a	n/a	2520.173168	n/a
2520.186165	0.000000	504037	ttl	11	72	n/a	n/a	n/a	n/a	n/a	n/a	n/a	n/a	n/a	n/a	n/a	n/a	n/a	n/a	n/a	n/a	n/a	n/a	n/a	n/a	n/a	2520.186165	n/a
2520.768142	2.031088	504154	time_discrimination	n/a	n/a	n/a	72.0	n/a	n/a	n/a	2520.186165	n/a	2.993448615918169	2.0	3	3.0	HB_7_LongA.png	n/a	2	2525.7926792499998	n/a	82	1	1	intervals/timediscrimination_table	81	2520.768142	2522.799230
2520.768142	0.000000	504154	ttl	1	72	n/a	n/a	n/a	n/a	n/a	n/a	n/a	n/a	n/a	n/a	n/a	n/a	n/a	n/a	n/a	n/a	n/a	n/a	n/a	n/a	n/a	2520.768142	n/a
2522.799230	0.000000	504560	ttl	2	72	n/a	n/a	n/a	n/a	n/a	n/a	n/a	n/a	n/a	n/a	n/a	n/a	n/a	n/a	n/a	n/a	n/a	n/a	n/a	n/a	n/a	2522.799230	n/a
2525.792679	0.000000	505159	ttl	4	72	n/a	n/a	n/a	n/a	n/a	n/a	n/a	n/a	n/a	n/a	n/a	n/a	n/a	n/a	n/a	n/a	n/a	n/a	n/a	n/a	n/a	2525.792679	n/a
2525.807325	0.000000	505161	ttl	11	72	n/a	n/a	n/a	n/a	n/a	n/a	n/a	n/a	n/a	n/a	n/a	n/a	n/a	n/a	n/a	n/a	n/a	n/a	n/a	n/a	n/a	2525.807325	n/a
2526.409275	2.031683	505282	time_discrimination	n/a	n/a	n/a	72.0	n/a	n/a	n/a	2525.8073249999998	n/a	2.689684104989283	1.0	1	2.0	NB_24_ShortA.png	n/a	6	2531.1306425	n/a	83	2	1	intervals/timediscrimination_table	82	2526.409275	2528.440958
2526.409275	0.000000	505282	ttl	1	72	n/a	n/a	n/a	n/a	n/a	n/a	n/a	n/a	n/a	n/a	n/a	n/a	n/a	n/a	n/a	n/a	n/a	n/a	n/a	n/a	n/a	2526.409275	n/a
2528.440958	0.000000	505688	ttl	2	72	n/a	n/a	n/a	n/a	n/a	n/a	n/a	n/a	n/a	n/a	n/a	n/a	n/a	n/a	n/a	n/a	n/a	n/a	n/a	n/a	n/a	2528.440958	n/a
2531.130642	0.000000	506226	ttl	4	72	n/a	n/a	n/a	n/a	n/a	n/a	n/a	n/a	n/a	n/a	n/a	n/a	n/a	n/a	n/a	n/a	n/a	n/a	n/a	n/a	n/a	2531.130642	n/a
2531.142122	0.000000	506228	ttl	11	72	n/a	n/a	n/a	n/a	n/a	n/a	n/a	n/a	n/a	n/a	n/a	n/a	n/a	n/a	n/a	n/a	n/a	n/a	n/a	n/a	n/a	2531.142122	n/a
2531.724071	2.031284	506345	time_discrimination	n/a	n/a	n/a	72.0	n/a	n/a	n/a	2531.1421225	n/a	3.657991517087794	1.0	3	3.0	HB_49_LongA.png	n/a	2	2537.4133465	n/a	84	1	2	intervals/timediscrimination_table	83	2531.724071	2533.755355
2531.724071	0.000000	506345	ttl	1	72	n/a	n/a	n/a	n/a	n/a	n/a	n/a	n/a	n/a	n/a	n/a	n/a	n/a	n/a	n/a	n/a	n/a	n/a	n/a	n/a	n/a	2531.724071	n/a
2533.755355	0.000000	506751	ttl	2	72	n/a	n/a	n/a	n/a	n/a	n/a	n/a	n/a	n/a	n/a	n/a	n/a	n/a	n/a	n/a	n/a	n/a	n/a	n/a	n/a	n/a	2533.755355	n/a
2537.413346	0.000000	507483	ttl	4	72	n/a	n/a	n/a	n/a	n/a	n/a	n/a	n/a	n/a	n/a	n/a	n/a	n/a	n/a	n/a	n/a	n/a	n/a	n/a	n/a	n/a	2537.413346	n/a
2537.434287	0.000000	507487	ttl	11	72	n/a	n/a	n/a	n/a	n/a	n/a	n/a	n/a	n/a	n/a	n/a	n/a	n/a	n/a	n/a	n/a	n/a	n/a	n/a	n/a	n/a	2537.434287	n/a
2538.036308	2.031283	507607	time_discrimination	n/a	n/a	n/a	72.0	n/a	n/a	n/a	2537.434287	n/a	1.5974655357858865	2.0	2	3.0	SB_23_ShortA.png	n/a	2	2541.6650569999997	n/a	85	1	1	intervals/timediscrimination_table	84	2538.036308	2540.067591
2538.036308	0.000000	507607	ttl	1	72	n/a	n/a	n/a	n/a	n/a	n/a	n/a	n/a	n/a	n/a	n/a	n/a	n/a	n/a	n/a	n/a	n/a	n/a	n/a	n/a	n/a	2538.036308	n/a
2540.067591	0.000000	508014	ttl	2	72	n/a	n/a	n/a	n/a	n/a	n/a	n/a	n/a	n/a	n/a	n/a	n/a	n/a	n/a	n/a	n/a	n/a	n/a	n/a	n/a	n/a	2540.067591	n/a
2541.665057	0.000000	508333	ttl	4	72	n/a	n/a	n/a	n/a	n/a	n/a	n/a	n/a	n/a	n/a	n/a	n/a	n/a	n/a	n/a	n/a	n/a	n/a	n/a	n/a	n/a	2541.665057	n/a
2541.686563	0.000000	508337	ttl	11	72	n/a	n/a	n/a	n/a	n/a	n/a	n/a	n/a	n/a	n/a	n/a	n/a	n/a	n/a	n/a	n/a	n/a	n/a	n/a	n/a	n/a	2541.686563	n/a
2542.308644	2.030686	508462	time_discrimination	n/a	n/a	n/a	72.0	n/a	n/a	n/a	2541.68656325	n/a	0.5371101650816854	2.0	2	3.0	SB_54_LongA.png	n/a	7	2544.8764404999997	n/a	86	2	2	intervals/timediscrimination_table	85	2542.308644	2544.339330
2542.308644	0.000000	508462	ttl	1	72	n/a	n/a	n/a	n/a	n/a	n/a	n/a	n/a	n/a	n/a	n/a	n/a	n/a	n/a	n/a	n/a	n/a	n/a	n/a	n/a	n/a	2542.308644	n/a
2544.339330	0.000000	508868	ttl	2	72	n/a	n/a	n/a	n/a	n/a	n/a	n/a	n/a	n/a	n/a	n/a	n/a	n/a	n/a	n/a	n/a	n/a	n/a	n/a	n/a	n/a	2544.339330	n/a
2544.876440	0.000000	508975	ttl	4	72	n/a	n/a	n/a	n/a	n/a	n/a	n/a	n/a	n/a	n/a	n/a	n/a	n/a	n/a	n/a	n/a	n/a	n/a	n/a	n/a	n/a	2544.876440	n/a
2544.892576	0.000000	508979	ttl	11	72	n/a	n/a	n/a	n/a	n/a	n/a	n/a	n/a	n/a	n/a	n/a	n/a	n/a	n/a	n/a	n/a	n/a	n/a	n/a	n/a	n/a	2544.892576	n/a
2545.514681	2.031166	509103	time_discrimination	n/a	n/a	n/a	72.0	n/a	n/a	n/a	2544.8925765	n/a	2.992191976532922	1.0	1	2.0	NB_25_LongA.png	n/a	3	2550.5380394999997	n/a	87	1	2	intervals/timediscrimination_table	86	2545.514681	2547.545848
2545.514681	0.000000	509103	ttl	1	72	n/a	n/a	n/a	n/a	n/a	n/a	n/a	n/a	n/a	n/a	n/a	n/a	n/a	n/a	n/a	n/a	n/a	n/a	n/a	n/a	n/a	2545.514681	n/a
2547.545848	0.000000	509509	ttl	2	72	n/a	n/a	n/a	n/a	n/a	n/a	n/a	n/a	n/a	n/a	n/a	n/a	n/a	n/a	n/a	n/a	n/a	n/a	n/a	n/a	n/a	2547.545848	n/a
2550.538039	0.000000	510108	ttl	4	72	n/a	n/a	n/a	n/a	n/a	n/a	n/a	n/a	n/a	n/a	n/a	n/a	n/a	n/a	n/a	n/a	n/a	n/a	n/a	n/a	n/a	2550.538039	n/a
2550.558599	0.000000	510112	ttl	11	72	n/a	n/a	n/a	n/a	n/a	n/a	n/a	n/a	n/a	n/a	n/a	n/a	n/a	n/a	n/a	n/a	n/a	n/a	n/a	n/a	n/a	2550.558599	n/a
2551.160732	2.031224	510232	time_discrimination	n/a	n/a	n/a	72.0	n/a	n/a	n/a	2550.5585994999997	n/a	2.820621267441311	2.0	1	2.0	NB_20_LongA.png	n/a	3	2556.012577	n/a	88	1	1	intervals/timediscrimination_table	87	2551.160732	2553.191956
2551.160732	0.000000	510232	ttl	1	72	n/a	n/a	n/a	n/a	n/a	n/a	n/a	n/a	n/a	n/a	n/a	n/a	n/a	n/a	n/a	n/a	n/a	n/a	n/a	n/a	n/a	2551.160732	n/a
2553.191956	0.000000	510638	ttl	2	72	n/a	n/a	n/a	n/a	n/a	n/a	n/a	n/a	n/a	n/a	n/a	n/a	n/a	n/a	n/a	n/a	n/a	n/a	n/a	n/a	n/a	2553.191956	n/a
2556.012577	0.000000	511203	ttl	4	72	n/a	n/a	n/a	n/a	n/a	n/a	n/a	n/a	n/a	n/a	n/a	n/a	n/a	n/a	n/a	n/a	n/a	n/a	n/a	n/a	n/a	2556.012577	n/a
2556.031074	0.000000	511206	ttl	11	72	n/a	n/a	n/a	n/a	n/a	n/a	n/a	n/a	n/a	n/a	n/a	n/a	n/a	n/a	n/a	n/a	n/a	n/a	n/a	n/a	n/a	2556.031074	n/a
2556.693322	2.031258	511339	time_discrimination	n/a	n/a	n/a	72.0	n/a	n/a	n/a	2556.031074	n/a	2.6151173982507316	2.0	3	3.0	HB_10_LongA.png	n/a	2	2561.3396975	n/a	89	1	1	intervals/timediscrimination_table	88	2556.693322	2558.724580
2556.693322	0.000000	511339	ttl	1	72	n/a	n/a	n/a	n/a	n/a	n/a	n/a	n/a	n/a	n/a	n/a	n/a	n/a	n/a	n/a	n/a	n/a	n/a	n/a	n/a	n/a	2556.693322	n/a
2558.724580	0.000000	511745	ttl	2	72	n/a	n/a	n/a	n/a	n/a	n/a	n/a	n/a	n/a	n/a	n/a	n/a	n/a	n/a	n/a	n/a	n/a	n/a	n/a	n/a	n/a	2558.724580	n/a
2561.339698	0.000000	512268	ttl	4	72	n/a	n/a	n/a	n/a	n/a	n/a	n/a	n/a	n/a	n/a	n/a	n/a	n/a	n/a	n/a	n/a	n/a	n/a	n/a	n/a	n/a	2561.339698	n/a
2561.348613	0.000000	512270	ttl	11	72	n/a	n/a	n/a	n/a	n/a	n/a	n/a	n/a	n/a	n/a	n/a	n/a	n/a	n/a	n/a	n/a	n/a	n/a	n/a	n/a	n/a	2561.348613	n/a
2561.930442	2.031464	512386	time_discrimination	n/a	n/a	n/a	72.0	n/a	n/a	n/a	2561.34861275	n/a	1.5395280067896238	2.0	2	3.0	SB_7_LongA.png	n/a	7	2565.50143425	n/a	90	2	2	intervals/timediscrimination_table	89	2561.930442	2563.961906
2561.930442	0.000000	512386	ttl	1	72	n/a	n/a	n/a	n/a	n/a	n/a	n/a	n/a	n/a	n/a	n/a	n/a	n/a	n/a	n/a	n/a	n/a	n/a	n/a	n/a	n/a	2561.930442	n/a
2563.961906	0.000000	512792	ttl	2	72	n/a	n/a	n/a	n/a	n/a	n/a	n/a	n/a	n/a	n/a	n/a	n/a	n/a	n/a	n/a	n/a	n/a	n/a	n/a	n/a	n/a	2563.961906	n/a
2565.501434	0.000000	513100	ttl	4	72	n/a	n/a	n/a	n/a	n/a	n/a	n/a	n/a	n/a	n/a	n/a	n/a	n/a	n/a	n/a	n/a	n/a	n/a	n/a	n/a	n/a	2565.501434	n/a
2565.516947	0.000000	513103	ttl	11	72	n/a	n/a	n/a	n/a	n/a	n/a	n/a	n/a	n/a	n/a	n/a	n/a	n/a	n/a	n/a	n/a	n/a	n/a	n/a	n/a	n/a	2565.516947	n/a
2566.098891	2.031313	513220	time_discrimination	n/a	n/a	n/a	72.0	n/a	n/a	n/a	2565.5169472499997	n/a	2.1056541479047155	2.0	2	3.0	SB_31_LongA.png	n/a	7	2570.2358584999997	n/a	91	2	2	intervals/timediscrimination_table	90	2566.098891	2568.130204
2566.098891	0.000000	513220	ttl	1	72	n/a	n/a	n/a	n/a	n/a	n/a	n/a	n/a	n/a	n/a	n/a	n/a	n/a	n/a	n/a	n/a	n/a	n/a	n/a	n/a	n/a	2566.098891	n/a
2568.130204	0.000000	513626	ttl	2	72	n/a	n/a	n/a	n/a	n/a	n/a	n/a	n/a	n/a	n/a	n/a	n/a	n/a	n/a	n/a	n/a	n/a	n/a	n/a	n/a	n/a	2568.130204	n/a
2570.235858	0.000000	514047	ttl	4	72	n/a	n/a	n/a	n/a	n/a	n/a	n/a	n/a	n/a	n/a	n/a	n/a	n/a	n/a	n/a	n/a	n/a	n/a	n/a	n/a	n/a	2570.235858	n/a
2570.257207	0.000000	514051	ttl	11	72	n/a	n/a	n/a	n/a	n/a	n/a	n/a	n/a	n/a	n/a	n/a	n/a	n/a	n/a	n/a	n/a	n/a	n/a	n/a	n/a	n/a	2570.257207	n/a
2570.919421	2.030908	514184	time_discrimination	n/a	n/a	n/a	72.0	n/a	n/a	n/a	2570.2572075	n/a	0.0	2.0	3	0.0	HB_25_ShortA.png	n/a	1	2572.951329	n/a	92	1	1	intervals/timediscrimination_table	91	2570.919421	2572.950329
2570.919421	0.000000	514184	ttl	1	72	n/a	n/a	n/a	n/a	n/a	n/a	n/a	n/a	n/a	n/a	n/a	n/a	n/a	n/a	n/a	n/a	n/a	n/a	n/a	n/a	n/a	2570.919421	n/a
2572.950329	0.000000	514590	ttl	2	72	n/a	n/a	n/a	n/a	n/a	n/a	n/a	n/a	n/a	n/a	n/a	n/a	n/a	n/a	n/a	n/a	n/a	n/a	n/a	n/a	n/a	2572.950329	n/a
2576.046509	0.000000	515209	ttl	11	72	n/a	n/a	n/a	n/a	n/a	n/a	n/a	n/a	n/a	n/a	n/a	n/a	n/a	n/a	n/a	n/a	n/a	n/a	n/a	n/a	n/a	2576.046509	n/a
2576.668773	2.031319	515334	time_discrimination	n/a	n/a	n/a	72.0	n/a	n/a	n/a	2576.0465087499997	n/a	0.7270737019425724	2.0	1	2.0	NB_19_ShortA.png	n/a	3	2579.4271655	n/a	93	1	1	intervals/timediscrimination_table	92	2576.668773	2578.700092
2576.668773	0.000000	515334	ttl	1	72	n/a	n/a	n/a	n/a	n/a	n/a	n/a	n/a	n/a	n/a	n/a	n/a	n/a	n/a	n/a	n/a	n/a	n/a	n/a	n/a	n/a	2576.668773	n/a
2578.700092	0.000000	515740	ttl	2	72	n/a	n/a	n/a	n/a	n/a	n/a	n/a	n/a	n/a	n/a	n/a	n/a	n/a	n/a	n/a	n/a	n/a	n/a	n/a	n/a	n/a	2578.700092	n/a
2579.427165	0.000000	515885	ttl	4	72	n/a	n/a	n/a	n/a	n/a	n/a	n/a	n/a	n/a	n/a	n/a	n/a	n/a	n/a	n/a	n/a	n/a	n/a	n/a	n/a	n/a	2579.427165	n/a
2579.449850	0.000000	515890	ttl	11	72	n/a	n/a	n/a	n/a	n/a	n/a	n/a	n/a	n/a	n/a	n/a	n/a	n/a	n/a	n/a	n/a	n/a	n/a	n/a	n/a	n/a	2579.449850	n/a
2580.011624	2.031531	516002	time_discrimination	n/a	n/a	n/a	72.0	n/a	n/a	n/a	2579.44985025	n/a	4.47526338530588	1.0	3	2.0	HB_19_LongA.png	n/a	6	2586.518419	n/a	94	2	1	intervals/timediscrimination_table	93	2580.011624	2582.043156
2580.011624	0.000000	516002	ttl	1	72	n/a	n/a	n/a	n/a	n/a	n/a	n/a	n/a	n/a	n/a	n/a	n/a	n/a	n/a	n/a	n/a	n/a	n/a	n/a	n/a	n/a	2580.011624	n/a
2582.043156	0.000000	516409	ttl	2	72	n/a	n/a	n/a	n/a	n/a	n/a	n/a	n/a	n/a	n/a	n/a	n/a	n/a	n/a	n/a	n/a	n/a	n/a	n/a	n/a	n/a	2582.043156	n/a
2586.518419	0.000000	517304	ttl	4	72	n/a	n/a	n/a	n/a	n/a	n/a	n/a	n/a	n/a	n/a	n/a	n/a	n/a	n/a	n/a	n/a	n/a	n/a	n/a	n/a	n/a	2586.518419	n/a
2586.532528	0.000000	517307	ttl	11	72	n/a	n/a	n/a	n/a	n/a	n/a	n/a	n/a	n/a	n/a	n/a	n/a	n/a	n/a	n/a	n/a	n/a	n/a	n/a	n/a	n/a	2586.532528	n/a
2587.134517	2.031368	517427	time_discrimination	n/a	n/a	n/a	72.0	n/a	n/a	n/a	2586.53252825	n/a	1.7675968077819562	2.0	1	1.0	NB_5_LongA.png	n/a	4	2590.93348175	n/a	95	1	1	intervals/timediscrimination_table	94	2587.134517	2589.165885
2587.134517	0.000000	517427	ttl	1	72	n/a	n/a	n/a	n/a	n/a	n/a	n/a	n/a	n/a	n/a	n/a	n/a	n/a	n/a	n/a	n/a	n/a	n/a	n/a	n/a	n/a	2587.134517	n/a
2589.165885	0.000000	517833	ttl	2	72	n/a	n/a	n/a	n/a	n/a	n/a	n/a	n/a	n/a	n/a	n/a	n/a	n/a	n/a	n/a	n/a	n/a	n/a	n/a	n/a	n/a	2589.165885	n/a
2590.933482	0.000000	518187	ttl	4	72	n/a	n/a	n/a	n/a	n/a	n/a	n/a	n/a	n/a	n/a	n/a	n/a	n/a	n/a	n/a	n/a	n/a	n/a	n/a	n/a	n/a	2590.933482	n/a
2590.943416	0.000000	518189	ttl	11	72	n/a	n/a	n/a	n/a	n/a	n/a	n/a	n/a	n/a	n/a	n/a	n/a	n/a	n/a	n/a	n/a	n/a	n/a	n/a	n/a	n/a	2590.943416	n/a
2591.545486	2.031297	518309	time_discrimination	n/a	n/a	n/a	72.0	n/a	n/a	n/a	2590.9434165	n/a	2.390460142210941	2.0	1	3.0	NB_29_ShortA.png	n/a	7	2595.9672432499997	n/a	96	2	2	intervals/timediscrimination_table	95	2591.545486	2593.576783
2591.545486	0.000000	518309	ttl	1	72	n/a	n/a	n/a	n/a	n/a	n/a	n/a	n/a	n/a	n/a	n/a	n/a	n/a	n/a	n/a	n/a	n/a	n/a	n/a	n/a	n/a	2591.545486	n/a
2593.576783	0.000000	518715	ttl	2	72	n/a	n/a	n/a	n/a	n/a	n/a	n/a	n/a	n/a	n/a	n/a	n/a	n/a	n/a	n/a	n/a	n/a	n/a	n/a	n/a	n/a	2593.576783	n/a
2595.967243	0.000000	519193	ttl	4	72	n/a	n/a	n/a	n/a	n/a	n/a	n/a	n/a	n/a	n/a	n/a	n/a	n/a	n/a	n/a	n/a	n/a	n/a	n/a	n/a	n/a	2595.967243	n/a
2595.984009	0.000000	519197	ttl	11	72	n/a	n/a	n/a	n/a	n/a	n/a	n/a	n/a	n/a	n/a	n/a	n/a	n/a	n/a	n/a	n/a	n/a	n/a	n/a	n/a	n/a	2595.984009	n/a
2596.626189	2.031297	519325	time_discrimination	n/a	n/a	n/a	72.0	n/a	n/a	n/a	2595.9840087499997	n/a	4.1505139984801644	2.0	2	3.0	SB_16_ShortA.png	n/a	7	2602.80800025	n/a	97	2	2	intervals/timediscrimination_table	96	2596.626189	2598.657486
2596.626189	0.000000	519325	ttl	1	72	n/a	n/a	n/a	n/a	n/a	n/a	n/a	n/a	n/a	n/a	n/a	n/a	n/a	n/a	n/a	n/a	n/a	n/a	n/a	n/a	n/a	2596.626189	n/a
2598.657486	0.000000	519731	ttl	2	72	n/a	n/a	n/a	n/a	n/a	n/a	n/a	n/a	n/a	n/a	n/a	n/a	n/a	n/a	n/a	n/a	n/a	n/a	n/a	n/a	n/a	2598.657486	n/a
2602.808000	0.000000	520562	ttl	4	72	n/a	n/a	n/a	n/a	n/a	n/a	n/a	n/a	n/a	n/a	n/a	n/a	n/a	n/a	n/a	n/a	n/a	n/a	n/a	n/a	n/a	2602.808000	n/a
2602.820969	0.000000	520564	ttl	11	72	n/a	n/a	n/a	n/a	n/a	n/a	n/a	n/a	n/a	n/a	n/a	n/a	n/a	n/a	n/a	n/a	n/a	n/a	n/a	n/a	n/a	2602.820969	n/a
2603.463168	2.031306	520693	time_discrimination	n/a	n/a	n/a	72.0	n/a	n/a	n/a	2602.820969	n/a	0.0	2.0	3	0.0	HB_16_LongA.png	n/a	1	2605.4954734999997	n/a	98	1	1	intervals/timediscrimination_table	97	2603.463168	2605.494473
2603.463168	0.000000	520693	ttl	1	72	n/a	n/a	n/a	n/a	n/a	n/a	n/a	n/a	n/a	n/a	n/a	n/a	n/a	n/a	n/a	n/a	n/a	n/a	n/a	n/a	n/a	2603.463168	n/a
2605.494473	0.000000	521099	ttl	2	72	n/a	n/a	n/a	n/a	n/a	n/a	n/a	n/a	n/a	n/a	n/a	n/a	n/a	n/a	n/a	n/a	n/a	n/a	n/a	n/a	n/a	2605.494473	n/a
2609.967728	0.000000	521994	ttl	11	72	n/a	n/a	n/a	n/a	n/a	n/a	n/a	n/a	n/a	n/a	n/a	n/a	n/a	n/a	n/a	n/a	n/a	n/a	n/a	n/a	n/a	2609.967728	n/a
2610.529825	2.031165	522106	time_discrimination	n/a	n/a	n/a	72.0	n/a	n/a	n/a	2609.96772775	n/a	1.175487915184931	2.0	2	3.0	SB_30_ShortA.png	n/a	7	2613.73647825	n/a	99	2	2	intervals/timediscrimination_table	98	2610.529825	2612.560990
2610.529825	0.000000	522106	ttl	1	72	n/a	n/a	n/a	n/a	n/a	n/a	n/a	n/a	n/a	n/a	n/a	n/a	n/a	n/a	n/a	n/a	n/a	n/a	n/a	n/a	n/a	2610.529825	n/a
2612.560990	0.000000	522512	ttl	2	72	n/a	n/a	n/a	n/a	n/a	n/a	n/a	n/a	n/a	n/a	n/a	n/a	n/a	n/a	n/a	n/a	n/a	n/a	n/a	n/a	n/a	2612.560990	n/a
2613.736478	0.000000	522747	ttl	4	72	n/a	n/a	n/a	n/a	n/a	n/a	n/a	n/a	n/a	n/a	n/a	n/a	n/a	n/a	n/a	n/a	n/a	n/a	n/a	n/a	n/a	2613.736478	n/a
2613.754702	0.000000	522751	ttl	11	72	n/a	n/a	n/a	n/a	n/a	n/a	n/a	n/a	n/a	n/a	n/a	n/a	n/a	n/a	n/a	n/a	n/a	n/a	n/a	n/a	n/a	2613.754702	n/a
2614.396920	2.031121	522879	time_discrimination	n/a	n/a	n/a	72.0	n/a	n/a	n/a	2613.7547019999997	n/a	0.5700069197046105	1.0	1	3.0	NB_14_LongA.png	n/a	2	2616.998048	n/a	100	1	2	intervals/timediscrimination_table	99	2614.396920	2616.428041
2614.396920	0.000000	522879	ttl	1	72	n/a	n/a	n/a	n/a	n/a	n/a	n/a	n/a	n/a	n/a	n/a	n/a	n/a	n/a	n/a	n/a	n/a	n/a	n/a	n/a	n/a	2614.396920	n/a
2616.428041	0.000000	523286	ttl	2	72	n/a	n/a	n/a	n/a	n/a	n/a	n/a	n/a	n/a	n/a	n/a	n/a	n/a	n/a	n/a	n/a	n/a	n/a	n/a	n/a	n/a	2616.428041	n/a
2616.998048	0.000000	523400	ttl	4	72	n/a	n/a	n/a	n/a	n/a	n/a	n/a	n/a	n/a	n/a	n/a	n/a	n/a	n/a	n/a	n/a	n/a	n/a	n/a	n/a	n/a	2616.998048	n/a
2617.014787	0.000000	523403	ttl	11	72	n/a	n/a	n/a	n/a	n/a	n/a	n/a	n/a	n/a	n/a	n/a	n/a	n/a	n/a	n/a	n/a	n/a	n/a	n/a	n/a	n/a	2617.014787	n/a
2617.637068	2.031215	523527	time_discrimination	n/a	n/a	n/a	72.0	n/a	n/a	n/a	2617.01478675	n/a	1.2046601282781921	2.0	2	3.0	SB_38_LongA.png	n/a	2	2620.87294325	n/a	101	1	1	intervals/timediscrimination_table	100	2617.637068	2619.668283
2617.637068	0.000000	523527	ttl	1	72	n/a	n/a	n/a	n/a	n/a	n/a	n/a	n/a	n/a	n/a	n/a	n/a	n/a	n/a	n/a	n/a	n/a	n/a	n/a	n/a	n/a	2617.637068	n/a
2619.668283	0.000000	523934	ttl	2	72	n/a	n/a	n/a	n/a	n/a	n/a	n/a	n/a	n/a	n/a	n/a	n/a	n/a	n/a	n/a	n/a	n/a	n/a	n/a	n/a	n/a	2619.668283	n/a
2620.872943	0.000000	524175	ttl	4	72	n/a	n/a	n/a	n/a	n/a	n/a	n/a	n/a	n/a	n/a	n/a	n/a	n/a	n/a	n/a	n/a	n/a	n/a	n/a	n/a	n/a	2620.872943	n/a
2620.896741	0.000000	524179	ttl	11	72	n/a	n/a	n/a	n/a	n/a	n/a	n/a	n/a	n/a	n/a	n/a	n/a	n/a	n/a	n/a	n/a	n/a	n/a	n/a	n/a	n/a	2620.896741	n/a
2621.539051	2.031400	524308	time_discrimination	n/a	n/a	n/a	72.0	n/a	n/a	n/a	2620.89674075	n/a	2.1508218063390814	2.0	2	3.0	SB_27_LongA.png	n/a	7	2625.7212729999997	n/a	102	2	2	intervals/timediscrimination_table	101	2621.539051	2623.570451
2621.539051	0.000000	524308	ttl	1	72	n/a	n/a	n/a	n/a	n/a	n/a	n/a	n/a	n/a	n/a	n/a	n/a	n/a	n/a	n/a	n/a	n/a	n/a	n/a	n/a	n/a	2621.539051	n/a
2623.570451	0.000000	524714	ttl	2	72	n/a	n/a	n/a	n/a	n/a	n/a	n/a	n/a	n/a	n/a	n/a	n/a	n/a	n/a	n/a	n/a	n/a	n/a	n/a	n/a	n/a	2623.570451	n/a
2625.721273	0.000000	525144	ttl	4	72	n/a	n/a	n/a	n/a	n/a	n/a	n/a	n/a	n/a	n/a	n/a	n/a	n/a	n/a	n/a	n/a	n/a	n/a	n/a	n/a	n/a	2625.721273	n/a
2625.733080	0.000000	525147	ttl	11	72	n/a	n/a	n/a	n/a	n/a	n/a	n/a	n/a	n/a	n/a	n/a	n/a	n/a	n/a	n/a	n/a	n/a	n/a	n/a	n/a	n/a	2625.733080	n/a
2626.355181	2.031286	525271	time_discrimination	n/a	n/a	n/a	72.0	n/a	n/a	n/a	2625.73308	n/a	1.6955724463477964	2.0	3	3.0	HB_48_ShortA.png	n/a	7	2630.08204	n/a	103	2	2	intervals/timediscrimination_table	102	2626.355181	2628.386467
2626.355181	0.000000	525271	ttl	1	72	n/a	n/a	n/a	n/a	n/a	n/a	n/a	n/a	n/a	n/a	n/a	n/a	n/a	n/a	n/a	n/a	n/a	n/a	n/a	n/a	n/a	2626.355181	n/a
2628.386467	0.000000	525677	ttl	2	72	n/a	n/a	n/a	n/a	n/a	n/a	n/a	n/a	n/a	n/a	n/a	n/a	n/a	n/a	n/a	n/a	n/a	n/a	n/a	n/a	n/a	2628.386467	n/a
2630.082040	0.000000	526016	ttl	4	72	n/a	n/a	n/a	n/a	n/a	n/a	n/a	n/a	n/a	n/a	n/a	n/a	n/a	n/a	n/a	n/a	n/a	n/a	n/a	n/a	n/a	2630.082040	n/a
2630.093290	0.000000	526019	ttl	11	72	n/a	n/a	n/a	n/a	n/a	n/a	n/a	n/a	n/a	n/a	n/a	n/a	n/a	n/a	n/a	n/a	n/a	n/a	n/a	n/a	n/a	2630.093290	n/a
2630.695346	2.031282	526139	time_discrimination	n/a	n/a	n/a	72.0	n/a	n/a	n/a	2630.0932905	n/a	1.6415649206901435	2.0	1	3.0	NB_7_ShortA.png	n/a	2	2634.36819325	n/a	104	1	1	intervals/timediscrimination_table	103	2630.695346	2632.726629
2630.695346	0.000000	526139	ttl	1	72	n/a	n/a	n/a	n/a	n/a	n/a	n/a	n/a	n/a	n/a	n/a	n/a	n/a	n/a	n/a	n/a	n/a	n/a	n/a	n/a	n/a	2630.695346	n/a
2632.726629	0.000000	526545	ttl	2	72	n/a	n/a	n/a	n/a	n/a	n/a	n/a	n/a	n/a	n/a	n/a	n/a	n/a	n/a	n/a	n/a	n/a	n/a	n/a	n/a	n/a	2632.726629	n/a
2634.368193	0.000000	526874	ttl	4	72	n/a	n/a	n/a	n/a	n/a	n/a	n/a	n/a	n/a	n/a	n/a	n/a	n/a	n/a	n/a	n/a	n/a	n/a	n/a	n/a	n/a	2634.368193	n/a
2634.386359	0.000000	526877	ttl	11	72	n/a	n/a	n/a	n/a	n/a	n/a	n/a	n/a	n/a	n/a	n/a	n/a	n/a	n/a	n/a	n/a	n/a	n/a	n/a	n/a	n/a	2634.386359	n/a
2634.988403	2.031546	526998	time_discrimination	n/a	n/a	n/a	72.0	n/a	n/a	n/a	2634.38635875	n/a	0.2513475564774126	2.0	1	3.0	NB_12_LongA.png	n/a	2	2637.2712965	n/a	105	1	1	intervals/timediscrimination_table	104	2634.988403	2637.019949
2634.988403	0.000000	526998	ttl	1	72	n/a	n/a	n/a	n/a	n/a	n/a	n/a	n/a	n/a	n/a	n/a	n/a	n/a	n/a	n/a	n/a	n/a	n/a	n/a	n/a	n/a	2634.988403	n/a
2637.019949	0.000000	527404	ttl	2	72	n/a	n/a	n/a	n/a	n/a	n/a	n/a	n/a	n/a	n/a	n/a	n/a	n/a	n/a	n/a	n/a	n/a	n/a	n/a	n/a	n/a	2637.019949	n/a
2637.271297	0.000000	527454	ttl	4	72	n/a	n/a	n/a	n/a	n/a	n/a	n/a	n/a	n/a	n/a	n/a	n/a	n/a	n/a	n/a	n/a	n/a	n/a	n/a	n/a	n/a	2637.271297	n/a
2637.281788	0.000000	527456	ttl	11	72	n/a	n/a	n/a	n/a	n/a	n/a	n/a	n/a	n/a	n/a	n/a	n/a	n/a	n/a	n/a	n/a	n/a	n/a	n/a	n/a	n/a	2637.281788	n/a
2637.883639	2.031407	527577	time_discrimination	n/a	n/a	n/a	72.0	n/a	n/a	n/a	2637.2817877499997	n/a	2.034843081404688	2.0	2	3.0	SB_41_LongA.png	n/a	7	2641.94988925	n/a	106	2	2	intervals/timediscrimination_table	105	2637.883639	2639.915046
2637.883639	0.000000	527577	ttl	1	72	n/a	n/a	n/a	n/a	n/a	n/a	n/a	n/a	n/a	n/a	n/a	n/a	n/a	n/a	n/a	n/a	n/a	n/a	n/a	n/a	n/a	2637.883639	n/a
2639.915046	0.000000	527983	ttl	2	72	n/a	n/a	n/a	n/a	n/a	n/a	n/a	n/a	n/a	n/a	n/a	n/a	n/a	n/a	n/a	n/a	n/a	n/a	n/a	n/a	n/a	2639.915046	n/a
2641.949889	0.000000	528390	ttl	4	72	n/a	n/a	n/a	n/a	n/a	n/a	n/a	n/a	n/a	n/a	n/a	n/a	n/a	n/a	n/a	n/a	n/a	n/a	n/a	n/a	n/a	2641.949889	n/a
2641.959749	0.000000	528392	ttl	11	72	n/a	n/a	n/a	n/a	n/a	n/a	n/a	n/a	n/a	n/a	n/a	n/a	n/a	n/a	n/a	n/a	n/a	n/a	n/a	n/a	n/a	2641.959749	n/a
2642.601874	2.031318	528520	time_discrimination	n/a	n/a	n/a	72.0	n/a	n/a	n/a	2641.9597492499997	n/a	2.914485464221798	2.0	3	3.0	HB_21_ShortA.png	n/a	2	2647.5476774999997	n/a	107	1	1	intervals/timediscrimination_table	106	2642.601874	2644.633192
2642.601874	0.000000	528520	ttl	1	72	n/a	n/a	n/a	n/a	n/a	n/a	n/a	n/a	n/a	n/a	n/a	n/a	n/a	n/a	n/a	n/a	n/a	n/a	n/a	n/a	n/a	2642.601874	n/a
2644.633192	0.000000	528927	ttl	2	72	n/a	n/a	n/a	n/a	n/a	n/a	n/a	n/a	n/a	n/a	n/a	n/a	n/a	n/a	n/a	n/a	n/a	n/a	n/a	n/a	n/a	2644.633192	n/a
2647.547677	0.000000	529510	ttl	4	72	n/a	n/a	n/a	n/a	n/a	n/a	n/a	n/a	n/a	n/a	n/a	n/a	n/a	n/a	n/a	n/a	n/a	n/a	n/a	n/a	n/a	2647.547677	n/a
2647.563906	0.000000	529513	ttl	11	72	n/a	n/a	n/a	n/a	n/a	n/a	n/a	n/a	n/a	n/a	n/a	n/a	n/a	n/a	n/a	n/a	n/a	n/a	n/a	n/a	n/a	2647.563906	n/a
2648.125663	2.031484	529625	time_discrimination	n/a	n/a	n/a	72.0	n/a	n/a	n/a	2647.563906	n/a	1.8351536736590788	2.0	2	3.0	SB_57_ShortA.png	n/a	2	2651.9923015	n/a	108	1	1	intervals/timediscrimination_table	107	2648.125663	2650.157148
2648.125663	0.000000	529625	ttl	1	72	n/a	n/a	n/a	n/a	n/a	n/a	n/a	n/a	n/a	n/a	n/a	n/a	n/a	n/a	n/a	n/a	n/a	n/a	n/a	n/a	n/a	2648.125663	n/a
2650.157148	0.000000	530031	ttl	2	72	n/a	n/a	n/a	n/a	n/a	n/a	n/a	n/a	n/a	n/a	n/a	n/a	n/a	n/a	n/a	n/a	n/a	n/a	n/a	n/a	n/a	2650.157148	n/a
2651.992301	0.000000	530398	ttl	4	72	n/a	n/a	n/a	n/a	n/a	n/a	n/a	n/a	n/a	n/a	n/a	n/a	n/a	n/a	n/a	n/a	n/a	n/a	n/a	n/a	n/a	2651.992301	n/a
2652.015157	0.000000	530403	ttl	11	72	n/a	n/a	n/a	n/a	n/a	n/a	n/a	n/a	n/a	n/a	n/a	n/a	n/a	n/a	n/a	n/a	n/a	n/a	n/a	n/a	n/a	2652.015157	n/a
2652.577052	2.030721	530515	time_discrimination	n/a	n/a	n/a	72.0	n/a	n/a	n/a	2652.0151565	n/a	4.920270207163412	1.0	3	2.0	HB_2_ShortA.png	n/a	6	2659.52804325	n/a	109	2	1	intervals/timediscrimination_table	108	2652.577052	2654.607773
2652.577052	0.000000	530515	ttl	1	72	n/a	n/a	n/a	n/a	n/a	n/a	n/a	n/a	n/a	n/a	n/a	n/a	n/a	n/a	n/a	n/a	n/a	n/a	n/a	n/a	n/a	2652.577052	n/a
2654.607773	0.000000	530922	ttl	2	72	n/a	n/a	n/a	n/a	n/a	n/a	n/a	n/a	n/a	n/a	n/a	n/a	n/a	n/a	n/a	n/a	n/a	n/a	n/a	n/a	n/a	2654.607773	n/a
2659.528043	0.000000	531906	ttl	4	72	n/a	n/a	n/a	n/a	n/a	n/a	n/a	n/a	n/a	n/a	n/a	n/a	n/a	n/a	n/a	n/a	n/a	n/a	n/a	n/a	n/a	2659.528043	n/a
2659.541305	0.000000	531908	ttl	11	72	n/a	n/a	n/a	n/a	n/a	n/a	n/a	n/a	n/a	n/a	n/a	n/a	n/a	n/a	n/a	n/a	n/a	n/a	n/a	n/a	n/a	2659.541305	n/a
2660.203537	2.031086	532041	time_discrimination	n/a	n/a	n/a	72.0	n/a	n/a	n/a	2659.5413049999997	n/a	1.9781610494537745	2.0	2	3.0	SB_35_ShortA.png	n/a	2	2664.2127834999997	n/a	110	1	1	intervals/timediscrimination_table	109	2660.203537	2662.234622
2660.203537	0.000000	532041	ttl	1	72	n/a	n/a	n/a	n/a	n/a	n/a	n/a	n/a	n/a	n/a	n/a	n/a	n/a	n/a	n/a	n/a	n/a	n/a	n/a	n/a	n/a	2660.203537	n/a
2662.234622	0.000000	532447	ttl	2	72	n/a	n/a	n/a	n/a	n/a	n/a	n/a	n/a	n/a	n/a	n/a	n/a	n/a	n/a	n/a	n/a	n/a	n/a	n/a	n/a	n/a	2662.234622	n/a
2664.212783	0.000000	532843	ttl	4	72	n/a	n/a	n/a	n/a	n/a	n/a	n/a	n/a	n/a	n/a	n/a	n/a	n/a	n/a	n/a	n/a	n/a	n/a	n/a	n/a	n/a	2664.212783	n/a
2664.230265	0.000000	532846	ttl	11	72	n/a	n/a	n/a	n/a	n/a	n/a	n/a	n/a	n/a	n/a	n/a	n/a	n/a	n/a	n/a	n/a	n/a	n/a	n/a	n/a	n/a	2664.230265	n/a
2664.832087	2.031192	532966	time_discrimination	n/a	n/a	n/a	72.0	n/a	n/a	n/a	2664.2302655	n/a	2.8111404516967013	1.0	3	3.0	HB_34_LongA.png	n/a	2	2669.67441925	n/a	111	1	2	intervals/timediscrimination_table	110	2664.832087	2666.863279
2664.832087	0.000000	532966	ttl	1	72	n/a	n/a	n/a	n/a	n/a	n/a	n/a	n/a	n/a	n/a	n/a	n/a	n/a	n/a	n/a	n/a	n/a	n/a	n/a	n/a	n/a	2664.832087	n/a
2666.863279	0.000000	533373	ttl	2	72	n/a	n/a	n/a	n/a	n/a	n/a	n/a	n/a	n/a	n/a	n/a	n/a	n/a	n/a	n/a	n/a	n/a	n/a	n/a	n/a	n/a	2666.863279	n/a
2669.674419	0.000000	533935	ttl	4	72	n/a	n/a	n/a	n/a	n/a	n/a	n/a	n/a	n/a	n/a	n/a	n/a	n/a	n/a	n/a	n/a	n/a	n/a	n/a	n/a	n/a	2669.674419	n/a
2669.693847	0.000000	533939	ttl	11	72	n/a	n/a	n/a	n/a	n/a	n/a	n/a	n/a	n/a	n/a	n/a	n/a	n/a	n/a	n/a	n/a	n/a	n/a	n/a	n/a	n/a	2669.693847	n/a
2670.316007	2.031316	534063	time_discrimination	n/a	n/a	n/a	72.0	n/a	n/a	n/a	2669.69384675	n/a	2.6041314919420984	2.0	3	1.0	HB_15_LongA.png	n/a	4	2674.951455	n/a	112	1	1	intervals/timediscrimination_table	111	2670.316007	2672.347323
2670.316007	0.000000	534063	ttl	1	72	n/a	n/a	n/a	n/a	n/a	n/a	n/a	n/a	n/a	n/a	n/a	n/a	n/a	n/a	n/a	n/a	n/a	n/a	n/a	n/a	n/a	2670.316007	n/a
2672.347323	0.000000	534469	ttl	2	72	n/a	n/a	n/a	n/a	n/a	n/a	n/a	n/a	n/a	n/a	n/a	n/a	n/a	n/a	n/a	n/a	n/a	n/a	n/a	n/a	n/a	2672.347323	n/a
2674.951455	0.000000	534990	ttl	4	72	n/a	n/a	n/a	n/a	n/a	n/a	n/a	n/a	n/a	n/a	n/a	n/a	n/a	n/a	n/a	n/a	n/a	n/a	n/a	n/a	n/a	2674.951455	n/a
2674.964052	0.000000	534993	ttl	11	72	n/a	n/a	n/a	n/a	n/a	n/a	n/a	n/a	n/a	n/a	n/a	n/a	n/a	n/a	n/a	n/a	n/a	n/a	n/a	n/a	n/a	2674.964052	n/a
2675.525768	2.031234	535105	time_discrimination	n/a	n/a	n/a	72.0	n/a	n/a	n/a	2674.96405225	n/a	4.72392648148525	2.0	3	3.0	HB_37_ShortA.png	n/a	7	2682.2809282499998	n/a	113	2	2	intervals/timediscrimination_table	112	2675.525768	2677.557002
2675.525768	0.000000	535105	ttl	1	72	n/a	n/a	n/a	n/a	n/a	n/a	n/a	n/a	n/a	n/a	n/a	n/a	n/a	n/a	n/a	n/a	n/a	n/a	n/a	n/a	n/a	2675.525768	n/a
2677.557002	0.000000	535511	ttl	2	72	n/a	n/a	n/a	n/a	n/a	n/a	n/a	n/a	n/a	n/a	n/a	n/a	n/a	n/a	n/a	n/a	n/a	n/a	n/a	n/a	n/a	2677.557002	n/a
2682.280928	0.000000	536456	ttl	4	72	n/a	n/a	n/a	n/a	n/a	n/a	n/a	n/a	n/a	n/a	n/a	n/a	n/a	n/a	n/a	n/a	n/a	n/a	n/a	n/a	n/a	2682.280928	n/a
2682.301541	0.000000	536460	ttl	11	72	n/a	n/a	n/a	n/a	n/a	n/a	n/a	n/a	n/a	n/a	n/a	n/a	n/a	n/a	n/a	n/a	n/a	n/a	n/a	n/a	n/a	2682.301541	n/a
2682.983810	2.030815	536597	time_discrimination	n/a	n/a	n/a	72.0	n/a	n/a	n/a	2682.3015407499997	n/a	1.5963224363076733	1.0	1	3.0	NB_23_ShortA.png	n/a	7	2686.6109472499998	n/a	114	2	1	intervals/timediscrimination_table	113	2682.983810	2685.014625
2682.983810	0.000000	536597	ttl	1	72	n/a	n/a	n/a	n/a	n/a	n/a	n/a	n/a	n/a	n/a	n/a	n/a	n/a	n/a	n/a	n/a	n/a	n/a	n/a	n/a	n/a	2682.983810	n/a
2685.014625	0.000000	537003	ttl	2	72	n/a	n/a	n/a	n/a	n/a	n/a	n/a	n/a	n/a	n/a	n/a	n/a	n/a	n/a	n/a	n/a	n/a	n/a	n/a	n/a	n/a	2685.014625	n/a
2686.610947	0.000000	537322	ttl	4	72	n/a	n/a	n/a	n/a	n/a	n/a	n/a	n/a	n/a	n/a	n/a	n/a	n/a	n/a	n/a	n/a	n/a	n/a	n/a	n/a	n/a	2686.610947	n/a
2686.628495	0.000000	537326	ttl	11	72	n/a	n/a	n/a	n/a	n/a	n/a	n/a	n/a	n/a	n/a	n/a	n/a	n/a	n/a	n/a	n/a	n/a	n/a	n/a	n/a	n/a	2686.628495	n/a
2687.250707	2.031314	537450	time_discrimination	n/a	n/a	n/a	72.0	n/a	n/a	n/a	2686.62849525	n/a	1.1725907567160903	2.0	2	3.0	SB_1_ShortA.png	n/a	2	2690.45461175	n/a	115	1	1	intervals/timediscrimination_table	114	2687.250707	2689.282021
2687.250707	0.000000	537450	ttl	1	72	n/a	n/a	n/a	n/a	n/a	n/a	n/a	n/a	n/a	n/a	n/a	n/a	n/a	n/a	n/a	n/a	n/a	n/a	n/a	n/a	n/a	2687.250707	n/a
2689.282021	0.000000	537856	ttl	2	72	n/a	n/a	n/a	n/a	n/a	n/a	n/a	n/a	n/a	n/a	n/a	n/a	n/a	n/a	n/a	n/a	n/a	n/a	n/a	n/a	n/a	2689.282021	n/a
2690.454612	0.000000	538091	ttl	4	72	n/a	n/a	n/a	n/a	n/a	n/a	n/a	n/a	n/a	n/a	n/a	n/a	n/a	n/a	n/a	n/a	n/a	n/a	n/a	n/a	n/a	2690.454612	n/a
2690.472857	0.000000	538095	ttl	11	72	n/a	n/a	n/a	n/a	n/a	n/a	n/a	n/a	n/a	n/a	n/a	n/a	n/a	n/a	n/a	n/a	n/a	n/a	n/a	n/a	n/a	2690.472857	n/a
2691.034775	2.031299	538207	time_discrimination	n/a	n/a	n/a	72.0	n/a	n/a	n/a	2690.4728575	n/a	3.9189926876715617	1.0	3	3.0	HB_50_ShortA.png	n/a	7	2696.98506675	n/a	116	2	1	intervals/timediscrimination_table	115	2691.034775	2693.066074
2691.034775	0.000000	538207	ttl	1	72	n/a	n/a	n/a	n/a	n/a	n/a	n/a	n/a	n/a	n/a	n/a	n/a	n/a	n/a	n/a	n/a	n/a	n/a	n/a	n/a	n/a	2691.034775	n/a
2693.066074	0.000000	538613	ttl	2	72	n/a	n/a	n/a	n/a	n/a	n/a	n/a	n/a	n/a	n/a	n/a	n/a	n/a	n/a	n/a	n/a	n/a	n/a	n/a	n/a	n/a	2693.066074	n/a
2696.985067	0.000000	539397	ttl	4	72	n/a	n/a	n/a	n/a	n/a	n/a	n/a	n/a	n/a	n/a	n/a	n/a	n/a	n/a	n/a	n/a	n/a	n/a	n/a	n/a	n/a	2696.985067	n/a
2696.993224	0.000000	539399	ttl	11	72	n/a	n/a	n/a	n/a	n/a	n/a	n/a	n/a	n/a	n/a	n/a	n/a	n/a	n/a	n/a	n/a	n/a	n/a	n/a	n/a	n/a	2696.993224	n/a
2697.595270	2.031406	539519	time_discrimination	n/a	n/a	n/a	72.0	n/a	n/a	n/a	2696.99322425	n/a	2.167739317534142	2.0	1	3.0	NB_11_ShortA.png	n/a	2	2701.79441575	n/a	117	1	1	intervals/timediscrimination_table	116	2697.595270	2699.626677
2697.595270	0.000000	539519	ttl	1	72	n/a	n/a	n/a	n/a	n/a	n/a	n/a	n/a	n/a	n/a	n/a	n/a	n/a	n/a	n/a	n/a	n/a	n/a	n/a	n/a	n/a	2697.595270	n/a
2699.626677	0.000000	539925	ttl	2	72	n/a	n/a	n/a	n/a	n/a	n/a	n/a	n/a	n/a	n/a	n/a	n/a	n/a	n/a	n/a	n/a	n/a	n/a	n/a	n/a	n/a	2699.626677	n/a
2701.794416	0.000000	540359	ttl	4	72	n/a	n/a	n/a	n/a	n/a	n/a	n/a	n/a	n/a	n/a	n/a	n/a	n/a	n/a	n/a	n/a	n/a	n/a	n/a	n/a	n/a	2701.794416	n/a
2701.804249	0.000000	540361	ttl	11	72	n/a	n/a	n/a	n/a	n/a	n/a	n/a	n/a	n/a	n/a	n/a	n/a	n/a	n/a	n/a	n/a	n/a	n/a	n/a	n/a	n/a	2701.804249	n/a
2702.466620	2.031113	540493	time_discrimination	n/a	n/a	n/a	72.0	n/a	n/a	n/a	2701.8042495	n/a	3.7403009571135044	2.0	2	3.0	SB_44_ShortA.png	n/a	2	2708.2380335	n/a	118	1	1	intervals/timediscrimination_table	117	2702.466620	2704.497732
2702.466620	0.000000	540493	ttl	1	72	n/a	n/a	n/a	n/a	n/a	n/a	n/a	n/a	n/a	n/a	n/a	n/a	n/a	n/a	n/a	n/a	n/a	n/a	n/a	n/a	n/a	2702.466620	n/a
2704.497732	0.000000	540900	ttl	2	72	n/a	n/a	n/a	n/a	n/a	n/a	n/a	n/a	n/a	n/a	n/a	n/a	n/a	n/a	n/a	n/a	n/a	n/a	n/a	n/a	n/a	2704.497732	n/a
2708.238033	0.000000	541648	ttl	4	72	n/a	n/a	n/a	n/a	n/a	n/a	n/a	n/a	n/a	n/a	n/a	n/a	n/a	n/a	n/a	n/a	n/a	n/a	n/a	n/a	n/a	2708.238033	n/a
2708.262524	0.000000	541653	ttl	11	72	n/a	n/a	n/a	n/a	n/a	n/a	n/a	n/a	n/a	n/a	n/a	n/a	n/a	n/a	n/a	n/a	n/a	n/a	n/a	n/a	n/a	2708.262524	n/a
2708.824375	2.031289	541765	time_discrimination	n/a	n/a	n/a	72.0	n/a	n/a	n/a	2708.2625235	n/a	1.552033072526683	1.0	3	1.0	HB_55_ShortA.png	n/a	4	2712.40769775	n/a	119	1	2	intervals/timediscrimination_table	118	2708.824375	2710.855664
2708.824375	0.000000	541765	ttl	1	72	n/a	n/a	n/a	n/a	n/a	n/a	n/a	n/a	n/a	n/a	n/a	n/a	n/a	n/a	n/a	n/a	n/a	n/a	n/a	n/a	n/a	2708.824375	n/a
2710.855664	0.000000	542171	ttl	2	72	n/a	n/a	n/a	n/a	n/a	n/a	n/a	n/a	n/a	n/a	n/a	n/a	n/a	n/a	n/a	n/a	n/a	n/a	n/a	n/a	n/a	2710.855664	n/a
2712.407698	0.000000	542482	ttl	4	72	n/a	n/a	n/a	n/a	n/a	n/a	n/a	n/a	n/a	n/a	n/a	n/a	n/a	n/a	n/a	n/a	n/a	n/a	n/a	n/a	n/a	2712.407698	n/a
2712.429195	0.000000	542486	ttl	11	72	n/a	n/a	n/a	n/a	n/a	n/a	n/a	n/a	n/a	n/a	n/a	n/a	n/a	n/a	n/a	n/a	n/a	n/a	n/a	n/a	n/a	2712.429195	n/a
2713.051305	2.031275	542610	time_discrimination	n/a	n/a	n/a	72.0	n/a	n/a	n/a	2712.4291949999997	n/a	2.5618031803896884	1.0	3	3.0	HB_51_LongA.png	n/a	7	2717.64438375	n/a	120	2	1	intervals/timediscrimination_table	119	2713.051305	2715.082580
2713.051305	0.000000	542610	ttl	1	72	n/a	n/a	n/a	n/a	n/a	n/a	n/a	n/a	n/a	n/a	n/a	n/a	n/a	n/a	n/a	n/a	n/a	n/a	n/a	n/a	n/a	2713.051305	n/a
2715.082580	0.000000	543017	ttl	2	72	n/a	n/a	n/a	n/a	n/a	n/a	n/a	n/a	n/a	n/a	n/a	n/a	n/a	n/a	n/a	n/a	n/a	n/a	n/a	n/a	n/a	2715.082580	n/a
2717.644384	0.000000	543529	ttl	4	72	n/a	n/a	n/a	n/a	n/a	n/a	n/a	n/a	n/a	n/a	n/a	n/a	n/a	n/a	n/a	n/a	n/a	n/a	n/a	n/a	n/a	2717.644384	n/a
2717.668657	0.000000	543534	ttl	11	72	n/a	n/a	n/a	n/a	n/a	n/a	n/a	n/a	n/a	n/a	n/a	n/a	n/a	n/a	n/a	n/a	n/a	n/a	n/a	n/a	n/a	2717.668657	n/a
2718.270676	2.031308	543654	time_discrimination	n/a	n/a	n/a	72.0	n/a	n/a	n/a	2717.66865725	n/a	2.293705984513508	2.0	1	3.0	NB_30_LongA.png	n/a	2	2722.5956899999996	n/a	121	1	1	intervals/timediscrimination_table	120	2718.270676	2720.301984
2718.270676	0.000000	543654	ttl	1	72	n/a	n/a	n/a	n/a	n/a	n/a	n/a	n/a	n/a	n/a	n/a	n/a	n/a	n/a	n/a	n/a	n/a	n/a	n/a	n/a	n/a	2718.270676	n/a
2720.301984	0.000000	544060	ttl	2	72	n/a	n/a	n/a	n/a	n/a	n/a	n/a	n/a	n/a	n/a	n/a	n/a	n/a	n/a	n/a	n/a	n/a	n/a	n/a	n/a	n/a	2720.301984	n/a
2722.595690	0.000000	544519	ttl	4	72	n/a	n/a	n/a	n/a	n/a	n/a	n/a	n/a	n/a	n/a	n/a	n/a	n/a	n/a	n/a	n/a	n/a	n/a	n/a	n/a	n/a	2722.595690	n/a
2722.617772	0.000000	544524	ttl	11	72	n/a	n/a	n/a	n/a	n/a	n/a	n/a	n/a	n/a	n/a	n/a	n/a	n/a	n/a	n/a	n/a	n/a	n/a	n/a	n/a	n/a	2722.617772	n/a
2723.259934	2.031583	544652	time_discrimination	n/a	n/a	n/a	72.0	n/a	n/a	n/a	2722.617772	n/a	2.6984777484467486	2.0	1	3.0	NB_10_ShortA.png	n/a	7	2727.9899944999997	n/a	122	2	2	intervals/timediscrimination_table	121	2723.259934	2725.291517
2723.259934	0.000000	544652	ttl	1	72	n/a	n/a	n/a	n/a	n/a	n/a	n/a	n/a	n/a	n/a	n/a	n/a	n/a	n/a	n/a	n/a	n/a	n/a	n/a	n/a	n/a	2723.259934	n/a
2725.291517	0.000000	545058	ttl	2	72	n/a	n/a	n/a	n/a	n/a	n/a	n/a	n/a	n/a	n/a	n/a	n/a	n/a	n/a	n/a	n/a	n/a	n/a	n/a	n/a	n/a	2725.291517	n/a
2727.989994	0.000000	545598	ttl	4	72	n/a	n/a	n/a	n/a	n/a	n/a	n/a	n/a	n/a	n/a	n/a	n/a	n/a	n/a	n/a	n/a	n/a	n/a	n/a	n/a	n/a	2727.989994	n/a
2728.009194	0.000000	545602	ttl	11	72	n/a	n/a	n/a	n/a	n/a	n/a	n/a	n/a	n/a	n/a	n/a	n/a	n/a	n/a	n/a	n/a	n/a	n/a	n/a	n/a	n/a	2728.009194	n/a
2728.671409	2.031170	545734	time_discrimination	n/a	n/a	n/a	72.0	n/a	n/a	n/a	2728.0091945	n/a	2.723723185205017	1.0	2	3.0	SB_2_ShortA.png	n/a	2	2733.4263029999997	n/a	123	1	2	intervals/timediscrimination_table	122	2728.671409	2730.702580
2728.671409	0.000000	545734	ttl	1	72	n/a	n/a	n/a	n/a	n/a	n/a	n/a	n/a	n/a	n/a	n/a	n/a	n/a	n/a	n/a	n/a	n/a	n/a	n/a	n/a	n/a	2728.671409	n/a
2730.702580	0.000000	546141	ttl	2	72	n/a	n/a	n/a	n/a	n/a	n/a	n/a	n/a	n/a	n/a	n/a	n/a	n/a	n/a	n/a	n/a	n/a	n/a	n/a	n/a	n/a	2730.702580	n/a
2733.426303	0.000000	546685	ttl	4	72	n/a	n/a	n/a	n/a	n/a	n/a	n/a	n/a	n/a	n/a	n/a	n/a	n/a	n/a	n/a	n/a	n/a	n/a	n/a	n/a	n/a	2733.426303	n/a
2733.432401	0.000000	546686	ttl	11	72	n/a	n/a	n/a	n/a	n/a	n/a	n/a	n/a	n/a	n/a	n/a	n/a	n/a	n/a	n/a	n/a	n/a	n/a	n/a	n/a	n/a	2733.432401	n/a
2734.074727	2.031180	546815	time_discrimination	n/a	n/a	n/a	72.0	n/a	n/a	n/a	2733.432401	n/a	0.8384653898683609	1.0	3	3.0	HB_17_LongA.png	n/a	7	2736.94437325	n/a	124	2	1	intervals/timediscrimination_table	123	2734.074727	2736.105908
2734.074727	0.000000	546815	ttl	1	72	n/a	n/a	n/a	n/a	n/a	n/a	n/a	n/a	n/a	n/a	n/a	n/a	n/a	n/a	n/a	n/a	n/a	n/a	n/a	n/a	n/a	2734.074727	n/a
2736.105908	0.000000	547221	ttl	2	72	n/a	n/a	n/a	n/a	n/a	n/a	n/a	n/a	n/a	n/a	n/a	n/a	n/a	n/a	n/a	n/a	n/a	n/a	n/a	n/a	n/a	2736.105908	n/a
2736.944373	0.000000	547389	ttl	4	72	n/a	n/a	n/a	n/a	n/a	n/a	n/a	n/a	n/a	n/a	n/a	n/a	n/a	n/a	n/a	n/a	n/a	n/a	n/a	n/a	n/a	2736.944373	n/a
2736.966594	0.000000	547393	ttl	11	72	n/a	n/a	n/a	n/a	n/a	n/a	n/a	n/a	n/a	n/a	n/a	n/a	n/a	n/a	n/a	n/a	n/a	n/a	n/a	n/a	n/a	2736.966594	n/a
2737.548589	2.031298	547510	time_discrimination	n/a	n/a	n/a	72.0	n/a	n/a	n/a	2736.966594	n/a	2.176003339482122	2.0	3	3.0	HB_60_ShortA.png	n/a	2	2741.7558905	n/a	125	1	1	intervals/timediscrimination_table	124	2737.548589	2739.579887
2737.548589	0.000000	547510	ttl	1	72	n/a	n/a	n/a	n/a	n/a	n/a	n/a	n/a	n/a	n/a	n/a	n/a	n/a	n/a	n/a	n/a	n/a	n/a	n/a	n/a	n/a	2737.548589	n/a
2739.579887	0.000000	547916	ttl	2	72	n/a	n/a	n/a	n/a	n/a	n/a	n/a	n/a	n/a	n/a	n/a	n/a	n/a	n/a	n/a	n/a	n/a	n/a	n/a	n/a	n/a	2739.579887	n/a
2741.755891	0.000000	548351	ttl	4	72	n/a	n/a	n/a	n/a	n/a	n/a	n/a	n/a	n/a	n/a	n/a	n/a	n/a	n/a	n/a	n/a	n/a	n/a	n/a	n/a	n/a	2741.755891	n/a
2741.776563	0.000000	548355	ttl	11	72	n/a	n/a	n/a	n/a	n/a	n/a	n/a	n/a	n/a	n/a	n/a	n/a	n/a	n/a	n/a	n/a	n/a	n/a	n/a	n/a	n/a	2741.776563	n/a
2742.418808	2.031326	548484	time_discrimination	n/a	n/a	n/a	72.0	n/a	n/a	n/a	2741.776563	n/a	3.929129045980517	2.0	3	3.0	HB_20_LongA.png	n/a	7	2748.3792625	n/a	126	2	2	intervals/timediscrimination_table	125	2742.418808	2744.450133
2742.418808	0.000000	548484	ttl	1	72	n/a	n/a	n/a	n/a	n/a	n/a	n/a	n/a	n/a	n/a	n/a	n/a	n/a	n/a	n/a	n/a	n/a	n/a	n/a	n/a	n/a	2742.418808	n/a
2744.450133	0.000000	548890	ttl	2	72	n/a	n/a	n/a	n/a	n/a	n/a	n/a	n/a	n/a	n/a	n/a	n/a	n/a	n/a	n/a	n/a	n/a	n/a	n/a	n/a	n/a	2744.450133	n/a
2748.379263	0.000000	549676	ttl	4	72	n/a	n/a	n/a	n/a	n/a	n/a	n/a	n/a	n/a	n/a	n/a	n/a	n/a	n/a	n/a	n/a	n/a	n/a	n/a	n/a	n/a	2748.379263	n/a
2748.391470	0.000000	549678	ttl	11	72	n/a	n/a	n/a	n/a	n/a	n/a	n/a	n/a	n/a	n/a	n/a	n/a	n/a	n/a	n/a	n/a	n/a	n/a	n/a	n/a	n/a	2748.391470	n/a
2748.993519	2.031242	549799	time_discrimination	n/a	n/a	n/a	72.0	n/a	n/a	n/a	2748.39147	n/a	1.208612463553436	2.0	2	3.0	SB_33_LongA.png	n/a	7	2752.2333734999997	n/a	127	2	2	intervals/timediscrimination_table	126	2748.993519	2751.024761
2748.993519	0.000000	549799	ttl	1	72	n/a	n/a	n/a	n/a	n/a	n/a	n/a	n/a	n/a	n/a	n/a	n/a	n/a	n/a	n/a	n/a	n/a	n/a	n/a	n/a	n/a	2748.993519	n/a
2751.024761	0.000000	550205	ttl	2	72	n/a	n/a	n/a	n/a	n/a	n/a	n/a	n/a	n/a	n/a	n/a	n/a	n/a	n/a	n/a	n/a	n/a	n/a	n/a	n/a	n/a	2751.024761	n/a
2752.233373	0.000000	550447	ttl	4	72	n/a	n/a	n/a	n/a	n/a	n/a	n/a	n/a	n/a	n/a	n/a	n/a	n/a	n/a	n/a	n/a	n/a	n/a	n/a	n/a	n/a	2752.233373	n/a
2752.250591	0.000000	550450	ttl	11	72	n/a	n/a	n/a	n/a	n/a	n/a	n/a	n/a	n/a	n/a	n/a	n/a	n/a	n/a	n/a	n/a	n/a	n/a	n/a	n/a	n/a	2752.250591	n/a
2752.872667	2.031272	550575	time_discrimination	n/a	n/a	n/a	72.0	n/a	n/a	n/a	2752.250591	n/a	0.5878475534263998	2.0	3	3.0	HB_4_ShortA.png	n/a	2	2755.4917864999998	n/a	128	1	1	intervals/timediscrimination_table	127	2752.872667	2754.903939
2752.872667	0.000000	550575	ttl	1	72	n/a	n/a	n/a	n/a	n/a	n/a	n/a	n/a	n/a	n/a	n/a	n/a	n/a	n/a	n/a	n/a	n/a	n/a	n/a	n/a	n/a	2752.872667	n/a
2754.903939	0.000000	550981	ttl	2	72	n/a	n/a	n/a	n/a	n/a	n/a	n/a	n/a	n/a	n/a	n/a	n/a	n/a	n/a	n/a	n/a	n/a	n/a	n/a	n/a	n/a	2754.903939	n/a
2755.491786	0.000000	551098	ttl	4	72	n/a	n/a	n/a	n/a	n/a	n/a	n/a	n/a	n/a	n/a	n/a	n/a	n/a	n/a	n/a	n/a	n/a	n/a	n/a	n/a	n/a	2755.491786	n/a
2755.513078	0.000000	551103	ttl	11	72	n/a	n/a	n/a	n/a	n/a	n/a	n/a	n/a	n/a	n/a	n/a	n/a	n/a	n/a	n/a	n/a	n/a	n/a	n/a	n/a	n/a	2755.513078	n/a
2756.074978	2.031320	551215	time_discrimination	n/a	n/a	n/a	72.0	n/a	n/a	n/a	2755.51307775	n/a	3.0449138026160654	1.0	1	3.0	NB_26_ShortA.png	n/a	2	2761.15121275	n/a	129	1	2	intervals/timediscrimination_table	128	2756.074978	2758.106299
2756.074978	0.000000	551215	ttl	1	72	n/a	n/a	n/a	n/a	n/a	n/a	n/a	n/a	n/a	n/a	n/a	n/a	n/a	n/a	n/a	n/a	n/a	n/a	n/a	n/a	n/a	2756.074978	n/a
2758.106299	0.000000	551621	ttl	2	72	n/a	n/a	n/a	n/a	n/a	n/a	n/a	n/a	n/a	n/a	n/a	n/a	n/a	n/a	n/a	n/a	n/a	n/a	n/a	n/a	n/a	2758.106299	n/a
2761.151213	0.000000	552230	ttl	4	72	n/a	n/a	n/a	n/a	n/a	n/a	n/a	n/a	n/a	n/a	n/a	n/a	n/a	n/a	n/a	n/a	n/a	n/a	n/a	n/a	n/a	2761.151213	n/a
2761.158407	0.000000	552232	ttl	11	72	n/a	n/a	n/a	n/a	n/a	n/a	n/a	n/a	n/a	n/a	n/a	n/a	n/a	n/a	n/a	n/a	n/a	n/a	n/a	n/a	n/a	2761.158407	n/a
2761.720365	2.031191	552344	time_discrimination	n/a	n/a	n/a	72.0	n/a	n/a	n/a	2761.15840725	n/a	1.6508246647572378	2.0	1	3.0	NB_16_LongA.png	n/a	2	2765.4023815	n/a	130	1	1	intervals/timediscrimination_table	129	2761.720365	2763.751557
2761.720365	0.000000	552344	ttl	1	72	n/a	n/a	n/a	n/a	n/a	n/a	n/a	n/a	n/a	n/a	n/a	n/a	n/a	n/a	n/a	n/a	n/a	n/a	n/a	n/a	n/a	2761.720365	n/a
2763.751557	0.000000	552750	ttl	2	72	n/a	n/a	n/a	n/a	n/a	n/a	n/a	n/a	n/a	n/a	n/a	n/a	n/a	n/a	n/a	n/a	n/a	n/a	n/a	n/a	n/a	2763.751557	n/a
2765.402382	0.000000	553080	ttl	4	72	n/a	n/a	n/a	n/a	n/a	n/a	n/a	n/a	n/a	n/a	n/a	n/a	n/a	n/a	n/a	n/a	n/a	n/a	n/a	n/a	n/a	2765.402382	n/a
2765.423117	0.000000	553085	ttl	11	72	n/a	n/a	n/a	n/a	n/a	n/a	n/a	n/a	n/a	n/a	n/a	n/a	n/a	n/a	n/a	n/a	n/a	n/a	n/a	n/a	n/a	2765.423117	n/a
2766.045196	2.031324	553209	time_discrimination	n/a	n/a	n/a	72.0	n/a	n/a	n/a	2765.4231167499997	n/a	0.8648491816420574	1.0	2	3.0	SB_32_LongA.png	n/a	2	2768.9413695	n/a	131	1	2	intervals/timediscrimination_table	130	2766.045196	2768.076520
2766.045196	0.000000	553209	ttl	1	72	n/a	n/a	n/a	n/a	n/a	n/a	n/a	n/a	n/a	n/a	n/a	n/a	n/a	n/a	n/a	n/a	n/a	n/a	n/a	n/a	n/a	2766.045196	n/a
2768.076520	0.000000	553615	ttl	2	72	n/a	n/a	n/a	n/a	n/a	n/a	n/a	n/a	n/a	n/a	n/a	n/a	n/a	n/a	n/a	n/a	n/a	n/a	n/a	n/a	n/a	2768.076520	n/a
2768.941369	0.000000	553788	ttl	4	72	n/a	n/a	n/a	n/a	n/a	n/a	n/a	n/a	n/a	n/a	n/a	n/a	n/a	n/a	n/a	n/a	n/a	n/a	n/a	n/a	n/a	2768.941369	n/a
2768.951637	0.000000	553790	ttl	11	72	n/a	n/a	n/a	n/a	n/a	n/a	n/a	n/a	n/a	n/a	n/a	n/a	n/a	n/a	n/a	n/a	n/a	n/a	n/a	n/a	n/a	2768.951637	n/a
2769.553675	2.031080	553911	time_discrimination	n/a	n/a	n/a	72.0	n/a	n/a	n/a	2768.95163675	n/a	0.8129565218114294	2.0	2	3.0	SB_42_ShortA.png	n/a	2	2772.39771225	n/a	132	1	1	intervals/timediscrimination_table	131	2769.553675	2771.584756
2769.553675	0.000000	553911	ttl	1	72	n/a	n/a	n/a	n/a	n/a	n/a	n/a	n/a	n/a	n/a	n/a	n/a	n/a	n/a	n/a	n/a	n/a	n/a	n/a	n/a	n/a	2769.553675	n/a
2771.584756	0.000000	554317	ttl	2	72	n/a	n/a	n/a	n/a	n/a	n/a	n/a	n/a	n/a	n/a	n/a	n/a	n/a	n/a	n/a	n/a	n/a	n/a	n/a	n/a	n/a	2771.584756	n/a
2772.397712	0.000000	554480	ttl	4	72	n/a	n/a	n/a	n/a	n/a	n/a	n/a	n/a	n/a	n/a	n/a	n/a	n/a	n/a	n/a	n/a	n/a	n/a	n/a	n/a	n/a	2772.397712	n/a
2772.403901	0.000000	554481	ttl	11	72	n/a	n/a	n/a	n/a	n/a	n/a	n/a	n/a	n/a	n/a	n/a	n/a	n/a	n/a	n/a	n/a	n/a	n/a	n/a	n/a	n/a	2772.403901	n/a
2772.985869	2.031279	554597	time_discrimination	n/a	n/a	n/a	72.0	n/a	n/a	n/a	2772.4039012499998	n/a	4.116981410930748	2.0	3	3.0	HB_11_LongA.png	n/a	7	2779.1341292499997	n/a	133	2	2	intervals/timediscrimination_table	132	2772.985869	2775.017148
2772.985869	0.000000	554597	ttl	1	72	n/a	n/a	n/a	n/a	n/a	n/a	n/a	n/a	n/a	n/a	n/a	n/a	n/a	n/a	n/a	n/a	n/a	n/a	n/a	n/a	n/a	2772.985869	n/a
2775.017148	0.000000	555003	ttl	2	72	n/a	n/a	n/a	n/a	n/a	n/a	n/a	n/a	n/a	n/a	n/a	n/a	n/a	n/a	n/a	n/a	n/a	n/a	n/a	n/a	n/a	2775.017148	n/a
2779.134129	0.000000	555827	ttl	4	72	n/a	n/a	n/a	n/a	n/a	n/a	n/a	n/a	n/a	n/a	n/a	n/a	n/a	n/a	n/a	n/a	n/a	n/a	n/a	n/a	n/a	2779.134129	n/a
2779.151221	0.000000	555830	ttl	11	72	n/a	n/a	n/a	n/a	n/a	n/a	n/a	n/a	n/a	n/a	n/a	n/a	n/a	n/a	n/a	n/a	n/a	n/a	n/a	n/a	n/a	2779.151221	n/a
2779.793461	2.031146	555959	time_discrimination	n/a	n/a	n/a	72.0	n/a	n/a	n/a	2779.151221	n/a	3.022184884204762	2.0	1	3.0	NB_21_LongA.png	n/a	2	2784.84679275	n/a	134	1	1	intervals/timediscrimination_table	133	2779.793461	2781.824608
2779.793461	0.000000	555959	ttl	1	72	n/a	n/a	n/a	n/a	n/a	n/a	n/a	n/a	n/a	n/a	n/a	n/a	n/a	n/a	n/a	n/a	n/a	n/a	n/a	n/a	n/a	2779.793461	n/a
2781.824608	0.000000	556365	ttl	2	72	n/a	n/a	n/a	n/a	n/a	n/a	n/a	n/a	n/a	n/a	n/a	n/a	n/a	n/a	n/a	n/a	n/a	n/a	n/a	n/a	n/a	2781.824608	n/a
2784.846793	0.000000	556969	ttl	4	72	n/a	n/a	n/a	n/a	n/a	n/a	n/a	n/a	n/a	n/a	n/a	n/a	n/a	n/a	n/a	n/a	n/a	n/a	n/a	n/a	n/a	2784.846793	n/a
2784.859900	0.000000	556972	ttl	11	72	n/a	n/a	n/a	n/a	n/a	n/a	n/a	n/a	n/a	n/a	n/a	n/a	n/a	n/a	n/a	n/a	n/a	n/a	n/a	n/a	n/a	2784.859900	n/a
2785.441732	2.031619	557088	time_discrimination	n/a	n/a	n/a	72.0	n/a	n/a	n/a	2784.8599	n/a	0.6317767350119539	2.0	2	1.0	SB_29_LongA.png	n/a	5	2788.1051275	n/a	135	2	2	intervals/timediscrimination_table	134	2785.441732	2787.473351
2785.441732	0.000000	557088	ttl	1	72	n/a	n/a	n/a	n/a	n/a	n/a	n/a	n/a	n/a	n/a	n/a	n/a	n/a	n/a	n/a	n/a	n/a	n/a	n/a	n/a	n/a	2785.441732	n/a
2787.473351	0.000000	557495	ttl	2	72	n/a	n/a	n/a	n/a	n/a	n/a	n/a	n/a	n/a	n/a	n/a	n/a	n/a	n/a	n/a	n/a	n/a	n/a	n/a	n/a	n/a	2787.473351	n/a
2788.105127	0.000000	557621	ttl	4	72	n/a	n/a	n/a	n/a	n/a	n/a	n/a	n/a	n/a	n/a	n/a	n/a	n/a	n/a	n/a	n/a	n/a	n/a	n/a	n/a	n/a	2788.105127	n/a
2788.128230	0.000000	557626	ttl	11	72	n/a	n/a	n/a	n/a	n/a	n/a	n/a	n/a	n/a	n/a	n/a	n/a	n/a	n/a	n/a	n/a	n/a	n/a	n/a	n/a	n/a	2788.128230	n/a
2788.690164	2.030768	557738	time_discrimination	n/a	n/a	n/a	72.0	n/a	n/a	n/a	2788.1282295	n/a	1.9688831249222858	2.0	3	3.0	HB_43_ShortA.png	n/a	7	2792.68981525	n/a	136	2	2	intervals/timediscrimination_table	135	2788.690164	2790.720932
2788.690164	0.000000	557738	ttl	1	72	n/a	n/a	n/a	n/a	n/a	n/a	n/a	n/a	n/a	n/a	n/a	n/a	n/a	n/a	n/a	n/a	n/a	n/a	n/a	n/a	n/a	2788.690164	n/a
2790.720932	0.000000	558144	ttl	2	72	n/a	n/a	n/a	n/a	n/a	n/a	n/a	n/a	n/a	n/a	n/a	n/a	n/a	n/a	n/a	n/a	n/a	n/a	n/a	n/a	n/a	2790.720932	n/a
2792.689815	0.000000	558538	ttl	4	72	n/a	n/a	n/a	n/a	n/a	n/a	n/a	n/a	n/a	n/a	n/a	n/a	n/a	n/a	n/a	n/a	n/a	n/a	n/a	n/a	n/a	2792.689815	n/a
2792.701253	0.000000	558540	ttl	11	72	n/a	n/a	n/a	n/a	n/a	n/a	n/a	n/a	n/a	n/a	n/a	n/a	n/a	n/a	n/a	n/a	n/a	n/a	n/a	n/a	n/a	2792.701253	n/a
2793.303155	2.031544	558661	time_discrimination	n/a	n/a	n/a	72.0	n/a	n/a	n/a	2792.7012525	n/a	3.1081177192390896	2.0	1	3.0	NB_3_LongA.png	n/a	2	2798.4428175	n/a	137	1	1	intervals/timediscrimination_table	136	2793.303155	2795.334700
2793.303155	0.000000	558661	ttl	1	72	n/a	n/a	n/a	n/a	n/a	n/a	n/a	n/a	n/a	n/a	n/a	n/a	n/a	n/a	n/a	n/a	n/a	n/a	n/a	n/a	n/a	2793.303155	n/a
2795.334700	0.000000	559067	ttl	2	72	n/a	n/a	n/a	n/a	n/a	n/a	n/a	n/a	n/a	n/a	n/a	n/a	n/a	n/a	n/a	n/a	n/a	n/a	n/a	n/a	n/a	2795.334700	n/a
2798.442817	0.000000	559689	ttl	4	72	n/a	n/a	n/a	n/a	n/a	n/a	n/a	n/a	n/a	n/a	n/a	n/a	n/a	n/a	n/a	n/a	n/a	n/a	n/a	n/a	n/a	2798.442817	n/a
2798.459067	0.000000	559692	ttl	11	72	n/a	n/a	n/a	n/a	n/a	n/a	n/a	n/a	n/a	n/a	n/a	n/a	n/a	n/a	n/a	n/a	n/a	n/a	n/a	n/a	n/a	2798.459067	n/a
2799.040999	2.031442	559808	time_discrimination	n/a	n/a	n/a	72.0	n/a	n/a	n/a	2798.4590665	n/a	1.7191408818471245	2.0	1	3.0	NB_6_ShortA.png	n/a	7	2802.79158225	n/a	138	2	2	intervals/timediscrimination_table	137	2799.040999	2801.072441
2799.040999	0.000000	559808	ttl	1	72	n/a	n/a	n/a	n/a	n/a	n/a	n/a	n/a	n/a	n/a	n/a	n/a	n/a	n/a	n/a	n/a	n/a	n/a	n/a	n/a	n/a	2799.040999	n/a
2801.072441	0.000000	560214	ttl	2	72	n/a	n/a	n/a	n/a	n/a	n/a	n/a	n/a	n/a	n/a	n/a	n/a	n/a	n/a	n/a	n/a	n/a	n/a	n/a	n/a	n/a	2801.072441	n/a
2802.791582	0.000000	560558	ttl	4	72	n/a	n/a	n/a	n/a	n/a	n/a	n/a	n/a	n/a	n/a	n/a	n/a	n/a	n/a	n/a	n/a	n/a	n/a	n/a	n/a	n/a	2802.791582	n/a
2802.815585	0.000000	560563	ttl	11	72	n/a	n/a	n/a	n/a	n/a	n/a	n/a	n/a	n/a	n/a	n/a	n/a	n/a	n/a	n/a	n/a	n/a	n/a	n/a	n/a	n/a	2802.815585	n/a
2803.397369	2.031320	560679	time_discrimination	n/a	n/a	n/a	72.0	n/a	n/a	n/a	2802.8155847499997	n/a	1.4903628854517592	2.0	3	1.0	HB_9_ShortA.png	n/a	4	2806.919053	n/a	139	1	1	intervals/timediscrimination_table	138	2803.397369	2805.428690
2803.397369	0.000000	560679	ttl	1	72	n/a	n/a	n/a	n/a	n/a	n/a	n/a	n/a	n/a	n/a	n/a	n/a	n/a	n/a	n/a	n/a	n/a	n/a	n/a	n/a	n/a	2803.397369	n/a
2805.428690	0.000000	561086	ttl	2	72	n/a	n/a	n/a	n/a	n/a	n/a	n/a	n/a	n/a	n/a	n/a	n/a	n/a	n/a	n/a	n/a	n/a	n/a	n/a	n/a	n/a	2805.428690	n/a
2806.919053	0.000000	561384	ttl	4	72	n/a	n/a	n/a	n/a	n/a	n/a	n/a	n/a	n/a	n/a	n/a	n/a	n/a	n/a	n/a	n/a	n/a	n/a	n/a	n/a	n/a	2806.919053	n/a
2806.932985	0.000000	561387	ttl	11	72	n/a	n/a	n/a	n/a	n/a	n/a	n/a	n/a	n/a	n/a	n/a	n/a	n/a	n/a	n/a	n/a	n/a	n/a	n/a	n/a	n/a	2806.932985	n/a
2807.494807	2.031187	561499	time_discrimination	n/a	n/a	n/a	72.0	n/a	n/a	n/a	2806.93298475	n/a	1.4585189826902933	2.0	2	3.0	SB_26_ShortA.png	n/a	2	2810.9845124999997	n/a	140	1	1	intervals/timediscrimination_table	139	2807.494807	2809.525993
2807.494807	0.000000	561499	ttl	1	72	n/a	n/a	n/a	n/a	n/a	n/a	n/a	n/a	n/a	n/a	n/a	n/a	n/a	n/a	n/a	n/a	n/a	n/a	n/a	n/a	n/a	2807.494807	n/a
2809.525993	0.000000	561905	ttl	2	72	n/a	n/a	n/a	n/a	n/a	n/a	n/a	n/a	n/a	n/a	n/a	n/a	n/a	n/a	n/a	n/a	n/a	n/a	n/a	n/a	n/a	2809.525993	n/a
2810.984512	0.000000	562197	ttl	4	72	n/a	n/a	n/a	n/a	n/a	n/a	n/a	n/a	n/a	n/a	n/a	n/a	n/a	n/a	n/a	n/a	n/a	n/a	n/a	n/a	n/a	2810.984512	n/a
2811.001160	0.000000	562200	ttl	11	72	n/a	n/a	n/a	n/a	n/a	n/a	n/a	n/a	n/a	n/a	n/a	n/a	n/a	n/a	n/a	n/a	n/a	n/a	n/a	n/a	n/a	2811.001160	n/a
2811.643496	2.031297	562329	time_discrimination	n/a	n/a	n/a	72.0	n/a	n/a	n/a	2811.00116	n/a	3.5640404316218337	2.0	2	3.0	SB_25_ShortA.png	n/a	2	2817.238833	n/a	141	1	1	intervals/timediscrimination_table	140	2811.643496	2813.674792
2811.643496	0.000000	562329	ttl	1	72	n/a	n/a	n/a	n/a	n/a	n/a	n/a	n/a	n/a	n/a	n/a	n/a	n/a	n/a	n/a	n/a	n/a	n/a	n/a	n/a	n/a	2811.643496	n/a
2813.674792	0.000000	562735	ttl	2	72	n/a	n/a	n/a	n/a	n/a	n/a	n/a	n/a	n/a	n/a	n/a	n/a	n/a	n/a	n/a	n/a	n/a	n/a	n/a	n/a	n/a	2813.674792	n/a
2817.238833	0.000000	563448	ttl	4	72	n/a	n/a	n/a	n/a	n/a	n/a	n/a	n/a	n/a	n/a	n/a	n/a	n/a	n/a	n/a	n/a	n/a	n/a	n/a	n/a	n/a	2817.238833	n/a
2817.250536	0.000000	563450	ttl	11	72	n/a	n/a	n/a	n/a	n/a	n/a	n/a	n/a	n/a	n/a	n/a	n/a	n/a	n/a	n/a	n/a	n/a	n/a	n/a	n/a	n/a	2817.250536	n/a
2817.852724	2.030975	563571	time_discrimination	n/a	n/a	n/a	72.0	n/a	n/a	n/a	2817.2505364999997	n/a	0.4627890421397751	1.0	2	3.0	SB_10_ShortA.png	n/a	7	2820.3464879999997	n/a	142	2	1	intervals/timediscrimination_table	141	2817.852724	2819.883699
2817.852724	0.000000	563571	ttl	1	72	n/a	n/a	n/a	n/a	n/a	n/a	n/a	n/a	n/a	n/a	n/a	n/a	n/a	n/a	n/a	n/a	n/a	n/a	n/a	n/a	n/a	2817.852724	n/a
2819.883699	0.000000	563977	ttl	2	72	n/a	n/a	n/a	n/a	n/a	n/a	n/a	n/a	n/a	n/a	n/a	n/a	n/a	n/a	n/a	n/a	n/a	n/a	n/a	n/a	n/a	2819.883699	n/a
2820.346488	0.000000	564069	ttl	4	72	n/a	n/a	n/a	n/a	n/a	n/a	n/a	n/a	n/a	n/a	n/a	n/a	n/a	n/a	n/a	n/a	n/a	n/a	n/a	n/a	n/a	2820.346488	n/a
2820.355747	0.000000	564071	ttl	11	72	n/a	n/a	n/a	n/a	n/a	n/a	n/a	n/a	n/a	n/a	n/a	n/a	n/a	n/a	n/a	n/a	n/a	n/a	n/a	n/a	n/a	2820.355747	n/a
2820.977841	2.031314	564196	time_discrimination	n/a	n/a	n/a	72.0	n/a	n/a	n/a	2820.35574675	n/a	1.4338396725070197	1.0	3	3.0	HB_3_ShortA.png	n/a	2	2824.44299425	n/a	143	1	2	intervals/timediscrimination_table	142	2820.977841	2823.009155
2820.977841	0.000000	564196	ttl	1	72	n/a	n/a	n/a	n/a	n/a	n/a	n/a	n/a	n/a	n/a	n/a	n/a	n/a	n/a	n/a	n/a	n/a	n/a	n/a	n/a	n/a	2820.977841	n/a
2823.009155	0.000000	564602	ttl	2	72	n/a	n/a	n/a	n/a	n/a	n/a	n/a	n/a	n/a	n/a	n/a	n/a	n/a	n/a	n/a	n/a	n/a	n/a	n/a	n/a	n/a	2823.009155	n/a
2824.442994	0.000000	564889	ttl	4	72	n/a	n/a	n/a	n/a	n/a	n/a	n/a	n/a	n/a	n/a	n/a	n/a	n/a	n/a	n/a	n/a	n/a	n/a	n/a	n/a	n/a	2824.442994	n/a
2824.462314	0.000000	564892	ttl	11	72	n/a	n/a	n/a	n/a	n/a	n/a	n/a	n/a	n/a	n/a	n/a	n/a	n/a	n/a	n/a	n/a	n/a	n/a	n/a	n/a	n/a	2824.462314	n/a
2825.104495	2.031308	565021	time_discrimination	n/a	n/a	n/a	72.0	n/a	n/a	n/a	2824.46231425	n/a	0.7280617167707533	1.0	2	3.0	SB_37_ShortA.png	n/a	2	2827.8638647499997	n/a	144	1	2	intervals/timediscrimination_table	143	2825.104495	2827.135803
2825.104495	0.000000	565021	ttl	1	72	n/a	n/a	n/a	n/a	n/a	n/a	n/a	n/a	n/a	n/a	n/a	n/a	n/a	n/a	n/a	n/a	n/a	n/a	n/a	n/a	n/a	2825.104495	n/a
2827.135803	0.000000	565427	ttl	2	72	n/a	n/a	n/a	n/a	n/a	n/a	n/a	n/a	n/a	n/a	n/a	n/a	n/a	n/a	n/a	n/a	n/a	n/a	n/a	n/a	n/a	2827.135803	n/a
2827.863865	0.000000	565573	ttl	4	72	n/a	n/a	n/a	n/a	n/a	n/a	n/a	n/a	n/a	n/a	n/a	n/a	n/a	n/a	n/a	n/a	n/a	n/a	n/a	n/a	n/a	2827.863865	n/a
2827.876572	0.000000	565575	ttl	11	72	n/a	n/a	n/a	n/a	n/a	n/a	n/a	n/a	n/a	n/a	n/a	n/a	n/a	n/a	n/a	n/a	n/a	n/a	n/a	n/a	n/a	2827.876572	n/a
2828.458472	2.031127	565692	time_discrimination	n/a	n/a	n/a	72.0	n/a	n/a	n/a	2827.87657175	n/a	0.6981491651531542	2.0	3	3.0	HB_42_LongA.png	n/a	7	2831.18774825	n/a	145	2	2	intervals/timediscrimination_table	144	2828.458472	2830.489599
2828.458472	0.000000	565692	ttl	1	72	n/a	n/a	n/a	n/a	n/a	n/a	n/a	n/a	n/a	n/a	n/a	n/a	n/a	n/a	n/a	n/a	n/a	n/a	n/a	n/a	n/a	2828.458472	n/a
2830.489599	0.000000	566098	ttl	2	72	n/a	n/a	n/a	n/a	n/a	n/a	n/a	n/a	n/a	n/a	n/a	n/a	n/a	n/a	n/a	n/a	n/a	n/a	n/a	n/a	n/a	2830.489599	n/a
2831.187748	0.000000	566238	ttl	4	72	n/a	n/a	n/a	n/a	n/a	n/a	n/a	n/a	n/a	n/a	n/a	n/a	n/a	n/a	n/a	n/a	n/a	n/a	n/a	n/a	n/a	2831.187748	n/a
2831.206512	0.000000	566241	ttl	11	72	n/a	n/a	n/a	n/a	n/a	n/a	n/a	n/a	n/a	n/a	n/a	n/a	n/a	n/a	n/a	n/a	n/a	n/a	n/a	n/a	n/a	2831.206512	n/a
2831.788478	2.031252	566358	time_discrimination	n/a	n/a	n/a	72.0	n/a	n/a	n/a	2831.2065115	n/a	2.4119874561729375	1.0	3	1.0	HB_5_ShortA.png	n/a	4	2836.2317172499997	n/a	146	1	2	intervals/timediscrimination_table	145	2831.788478	2833.819730
2831.788478	0.000000	566358	ttl	1	72	n/a	n/a	n/a	n/a	n/a	n/a	n/a	n/a	n/a	n/a	n/a	n/a	n/a	n/a	n/a	n/a	n/a	n/a	n/a	n/a	n/a	2831.788478	n/a
2833.819730	0.000000	566764	ttl	2	72	n/a	n/a	n/a	n/a	n/a	n/a	n/a	n/a	n/a	n/a	n/a	n/a	n/a	n/a	n/a	n/a	n/a	n/a	n/a	n/a	n/a	2833.819730	n/a
2836.231717	0.000000	567246	ttl	4	72	n/a	n/a	n/a	n/a	n/a	n/a	n/a	n/a	n/a	n/a	n/a	n/a	n/a	n/a	n/a	n/a	n/a	n/a	n/a	n/a	n/a	2836.231717	n/a
2836.247507	0.000000	567250	ttl	11	72	n/a	n/a	n/a	n/a	n/a	n/a	n/a	n/a	n/a	n/a	n/a	n/a	n/a	n/a	n/a	n/a	n/a	n/a	n/a	n/a	n/a	2836.247507	n/a
2836.869605	2.031296	567374	time_discrimination	n/a	n/a	n/a	72.0	n/a	n/a	n/a	2836.2475072499997	n/a	0.7957240544492379	2.0	3	1.0	HB_14_LongA.png	n/a	4	2839.696625	n/a	147	1	1	intervals/timediscrimination_table	146	2836.869605	2838.900901
2836.869605	0.000000	567374	ttl	1	72	n/a	n/a	n/a	n/a	n/a	n/a	n/a	n/a	n/a	n/a	n/a	n/a	n/a	n/a	n/a	n/a	n/a	n/a	n/a	n/a	n/a	2836.869605	n/a
2838.900901	0.000000	567780	ttl	2	72	n/a	n/a	n/a	n/a	n/a	n/a	n/a	n/a	n/a	n/a	n/a	n/a	n/a	n/a	n/a	n/a	n/a	n/a	n/a	n/a	n/a	2838.900901	n/a
2839.696625	0.000000	567939	ttl	4	72	n/a	n/a	n/a	n/a	n/a	n/a	n/a	n/a	n/a	n/a	n/a	n/a	n/a	n/a	n/a	n/a	n/a	n/a	n/a	n/a	n/a	2839.696625	n/a
2839.711485	0.000000	567942	ttl	11	72	n/a	n/a	n/a	n/a	n/a	n/a	n/a	n/a	n/a	n/a	n/a	n/a	n/a	n/a	n/a	n/a	n/a	n/a	n/a	n/a	n/a	2839.711485	n/a
2840.333586	2.031170	568067	time_discrimination	n/a	n/a	n/a	72.0	n/a	n/a	n/a	2839.7114855	n/a	1.7858067077031592	2.0	2	1.0	SB_9_LongA.png	n/a	5	2844.15056225	n/a	148	2	2	intervals/timediscrimination_table	147	2840.333586	2842.364755
2840.333586	0.000000	568067	ttl	1	72	n/a	n/a	n/a	n/a	n/a	n/a	n/a	n/a	n/a	n/a	n/a	n/a	n/a	n/a	n/a	n/a	n/a	n/a	n/a	n/a	n/a	2840.333586	n/a
2842.364755	0.000000	568473	ttl	2	72	n/a	n/a	n/a	n/a	n/a	n/a	n/a	n/a	n/a	n/a	n/a	n/a	n/a	n/a	n/a	n/a	n/a	n/a	n/a	n/a	n/a	2842.364755	n/a
2844.150562	0.000000	568830	ttl	4	72	n/a	n/a	n/a	n/a	n/a	n/a	n/a	n/a	n/a	n/a	n/a	n/a	n/a	n/a	n/a	n/a	n/a	n/a	n/a	n/a	n/a	2844.150562	n/a
2844.158522	0.000000	568832	ttl	11	72	n/a	n/a	n/a	n/a	n/a	n/a	n/a	n/a	n/a	n/a	n/a	n/a	n/a	n/a	n/a	n/a	n/a	n/a	n/a	n/a	n/a	2844.158522	n/a
2844.780609	2.030759	568956	time_discrimination	n/a	n/a	n/a	72.0	n/a	n/a	n/a	2844.15852175	n/a	2.0310946783429245	1.0	1	1.0	NB_22_ShortA.png	n/a	5	2848.84246275	n/a	149	2	1	intervals/timediscrimination_table	148	2844.780609	2846.811368
2844.780609	0.000000	568956	ttl	1	72	n/a	n/a	n/a	n/a	n/a	n/a	n/a	n/a	n/a	n/a	n/a	n/a	n/a	n/a	n/a	n/a	n/a	n/a	n/a	n/a	n/a	2844.780609	n/a
2846.811368	0.000000	569362	ttl	2	72	n/a	n/a	n/a	n/a	n/a	n/a	n/a	n/a	n/a	n/a	n/a	n/a	n/a	n/a	n/a	n/a	n/a	n/a	n/a	n/a	n/a	2846.811368	n/a
2848.842463	0.000000	569768	ttl	4	72	n/a	n/a	n/a	n/a	n/a	n/a	n/a	n/a	n/a	n/a	n/a	n/a	n/a	n/a	n/a	n/a	n/a	n/a	n/a	n/a	n/a	2848.842463	n/a
2848.863276	0.000000	569773	ttl	11	72	n/a	n/a	n/a	n/a	n/a	n/a	n/a	n/a	n/a	n/a	n/a	n/a	n/a	n/a	n/a	n/a	n/a	n/a	n/a	n/a	n/a	2848.863276	n/a
2849.465479	2.031011	569893	time_discrimination	n/a	n/a	n/a	72.0	n/a	n/a	n/a	2848.863276	n/a	2.9618200504482957	2.0	1	3.0	NB_3_ShortA.png	n/a	2	2854.45831	n/a	150	1	1	intervals/timediscrimination_table	149	2849.465479	2851.496490
2849.465479	0.000000	569893	ttl	1	72	n/a	n/a	n/a	n/a	n/a	n/a	n/a	n/a	n/a	n/a	n/a	n/a	n/a	n/a	n/a	n/a	n/a	n/a	n/a	n/a	n/a	2849.465479	n/a
2851.496490	0.000000	570299	ttl	2	72	n/a	n/a	n/a	n/a	n/a	n/a	n/a	n/a	n/a	n/a	n/a	n/a	n/a	n/a	n/a	n/a	n/a	n/a	n/a	n/a	n/a	2851.496490	n/a
2854.458310	0.000000	570892	ttl	4	72	n/a	n/a	n/a	n/a	n/a	n/a	n/a	n/a	n/a	n/a	n/a	n/a	n/a	n/a	n/a	n/a	n/a	n/a	n/a	n/a	n/a	2854.458310	n/a
2854.476641	0.000000	570895	ttl	11	72	n/a	n/a	n/a	n/a	n/a	n/a	n/a	n/a	n/a	n/a	n/a	n/a	n/a	n/a	n/a	n/a	n/a	n/a	n/a	n/a	n/a	2854.476641	n/a
2855.118985	2.031294	571024	time_discrimination	n/a	n/a	n/a	72.0	n/a	n/a	n/a	2854.4766409999997	n/a	0.009697256376966834	2.0	3	1.0	HB_39_LongA.png	n/a	5	2857.159976	n/a	151	2	2	intervals/timediscrimination_table	150	2855.118985	2857.150279
2855.118985	0.000000	571024	ttl	1	72	n/a	n/a	n/a	n/a	n/a	n/a	n/a	n/a	n/a	n/a	n/a	n/a	n/a	n/a	n/a	n/a	n/a	n/a	n/a	n/a	n/a	2855.118985	n/a
2857.150279	0.000000	571430	ttl	2	72	n/a	n/a	n/a	n/a	n/a	n/a	n/a	n/a	n/a	n/a	n/a	n/a	n/a	n/a	n/a	n/a	n/a	n/a	n/a	n/a	n/a	2857.150279	n/a
2857.159976	0.000000	571432	ttl	4	72	n/a	n/a	n/a	n/a	n/a	n/a	n/a	n/a	n/a	n/a	n/a	n/a	n/a	n/a	n/a	n/a	n/a	n/a	n/a	n/a	n/a	2857.159976	n/a
2857.183183	0.000000	571437	ttl	11	72	n/a	n/a	n/a	n/a	n/a	n/a	n/a	n/a	n/a	n/a	n/a	n/a	n/a	n/a	n/a	n/a	n/a	n/a	n/a	n/a	n/a	2857.183183	n/a
2857.805308	2.030707	571561	time_discrimination	n/a	n/a	n/a	72.0	n/a	n/a	n/a	2857.18318275	n/a	2.5483763490774436	1.0	3	3.0	HB_27_ShortA.png	n/a	7	2862.38439225	n/a	152	2	1	intervals/timediscrimination_table	151	2857.805308	2859.836016
2857.805308	0.000000	571561	ttl	1	72	n/a	n/a	n/a	n/a	n/a	n/a	n/a	n/a	n/a	n/a	n/a	n/a	n/a	n/a	n/a	n/a	n/a	n/a	n/a	n/a	n/a	2857.805308	n/a
2859.836016	0.000000	571967	ttl	2	72	n/a	n/a	n/a	n/a	n/a	n/a	n/a	n/a	n/a	n/a	n/a	n/a	n/a	n/a	n/a	n/a	n/a	n/a	n/a	n/a	n/a	2859.836016	n/a
2862.384392	0.000000	572477	ttl	4	72	n/a	n/a	n/a	n/a	n/a	n/a	n/a	n/a	n/a	n/a	n/a	n/a	n/a	n/a	n/a	n/a	n/a	n/a	n/a	n/a	n/a	2862.384392	n/a
2862.405498	0.000000	572481	ttl	11	72	n/a	n/a	n/a	n/a	n/a	n/a	n/a	n/a	n/a	n/a	n/a	n/a	n/a	n/a	n/a	n/a	n/a	n/a	n/a	n/a	n/a	2862.405498	n/a
2862.987463	2.031007	572597	time_discrimination	n/a	n/a	n/a	72.0	n/a	n/a	n/a	2862.4054982499997	n/a	1.825010093540186	2.0	1	3.0	NB_15_LongA.png	n/a	2	2866.84348075	n/a	153	1	1	intervals/timediscrimination_table	152	2862.987463	2865.018470
2862.987463	0.000000	572597	ttl	1	72	n/a	n/a	n/a	n/a	n/a	n/a	n/a	n/a	n/a	n/a	n/a	n/a	n/a	n/a	n/a	n/a	n/a	n/a	n/a	n/a	n/a	2862.987463	n/a
2865.018470	0.000000	573004	ttl	2	72	n/a	n/a	n/a	n/a	n/a	n/a	n/a	n/a	n/a	n/a	n/a	n/a	n/a	n/a	n/a	n/a	n/a	n/a	n/a	n/a	n/a	2865.018470	n/a
2866.843481	0.000000	573369	ttl	4	72	n/a	n/a	n/a	n/a	n/a	n/a	n/a	n/a	n/a	n/a	n/a	n/a	n/a	n/a	n/a	n/a	n/a	n/a	n/a	n/a	n/a	2866.843481	n/a
2866.855896	0.000000	573371	ttl	11	72	n/a	n/a	n/a	n/a	n/a	n/a	n/a	n/a	n/a	n/a	n/a	n/a	n/a	n/a	n/a	n/a	n/a	n/a	n/a	n/a	n/a	2866.855896	n/a
2867.457963	2.031221	573492	time_discrimination	n/a	n/a	n/a	72.0	n/a	n/a	n/a	2866.855896	n/a	1.0550537984381663	2.0	1	3.0	NB_2_LongA.png	n/a	2	2870.54423775	n/a	154	1	1	intervals/timediscrimination_table	153	2867.457963	2869.489184
2867.457963	0.000000	573492	ttl	1	72	n/a	n/a	n/a	n/a	n/a	n/a	n/a	n/a	n/a	n/a	n/a	n/a	n/a	n/a	n/a	n/a	n/a	n/a	n/a	n/a	n/a	2867.457963	n/a
2869.489184	0.000000	573898	ttl	2	72	n/a	n/a	n/a	n/a	n/a	n/a	n/a	n/a	n/a	n/a	n/a	n/a	n/a	n/a	n/a	n/a	n/a	n/a	n/a	n/a	n/a	2869.489184	n/a
2870.544238	0.000000	574109	ttl	4	72	n/a	n/a	n/a	n/a	n/a	n/a	n/a	n/a	n/a	n/a	n/a	n/a	n/a	n/a	n/a	n/a	n/a	n/a	n/a	n/a	n/a	2870.544238	n/a
2870.556439	0.000000	574111	ttl	11	72	n/a	n/a	n/a	n/a	n/a	n/a	n/a	n/a	n/a	n/a	n/a	n/a	n/a	n/a	n/a	n/a	n/a	n/a	n/a	n/a	n/a	2870.556439	n/a
2871.178592	2.031197	574236	time_discrimination	n/a	n/a	n/a	72.0	n/a	n/a	n/a	2870.556439	n/a	1.6583297601464437	2.0	3	3.0	HB_35_ShortA.png	n/a	7	2874.8681187499997	n/a	155	2	2	intervals/timediscrimination_table	154	2871.178592	2873.209789
2871.178592	0.000000	574236	ttl	1	72	n/a	n/a	n/a	n/a	n/a	n/a	n/a	n/a	n/a	n/a	n/a	n/a	n/a	n/a	n/a	n/a	n/a	n/a	n/a	n/a	n/a	2871.178592	n/a
2873.209789	0.000000	574642	ttl	2	72	n/a	n/a	n/a	n/a	n/a	n/a	n/a	n/a	n/a	n/a	n/a	n/a	n/a	n/a	n/a	n/a	n/a	n/a	n/a	n/a	n/a	2873.209789	n/a
2874.868119	0.000000	574974	ttl	4	72	n/a	n/a	n/a	n/a	n/a	n/a	n/a	n/a	n/a	n/a	n/a	n/a	n/a	n/a	n/a	n/a	n/a	n/a	n/a	n/a	n/a	2874.868119	n/a
2874.875691	0.000000	574975	ttl	11	72	n/a	n/a	n/a	n/a	n/a	n/a	n/a	n/a	n/a	n/a	n/a	n/a	n/a	n/a	n/a	n/a	n/a	n/a	n/a	n/a	n/a	2874.875691	n/a
2875.537949	2.031180	575108	time_discrimination	n/a	n/a	n/a	72.0	n/a	n/a	n/a	2874.8756907499996	n/a	0.14819517428986728	2.0	2	3.0	SB_18_LongA.png	n/a	2	2877.7173239999997	n/a	156	1	1	intervals/timediscrimination_table	155	2875.537949	2877.569129
2875.537949	0.000000	575108	ttl	1	72	n/a	n/a	n/a	n/a	n/a	n/a	n/a	n/a	n/a	n/a	n/a	n/a	n/a	n/a	n/a	n/a	n/a	n/a	n/a	n/a	n/a	2875.537949	n/a
2877.569129	0.000000	575514	ttl	2	72	n/a	n/a	n/a	n/a	n/a	n/a	n/a	n/a	n/a	n/a	n/a	n/a	n/a	n/a	n/a	n/a	n/a	n/a	n/a	n/a	n/a	2877.569129	n/a
2877.717324	0.000000	575543	ttl	4	72	n/a	n/a	n/a	n/a	n/a	n/a	n/a	n/a	n/a	n/a	n/a	n/a	n/a	n/a	n/a	n/a	n/a	n/a	n/a	n/a	n/a	2877.717324	n/a
2877.740010	0.000000	575548	ttl	11	72	n/a	n/a	n/a	n/a	n/a	n/a	n/a	n/a	n/a	n/a	n/a	n/a	n/a	n/a	n/a	n/a	n/a	n/a	n/a	n/a	n/a	2877.740010	n/a
2878.321960	2.031038	575664	time_discrimination	n/a	n/a	n/a	72.0	n/a	n/a	n/a	2877.74001	n/a	1.309544247778831	2.0	1	3.0	NB_25_ShortA.png	n/a	7	2881.66254175	n/a	157	2	2	intervals/timediscrimination_table	156	2878.321960	2880.352997
2878.321960	0.000000	575664	ttl	1	72	n/a	n/a	n/a	n/a	n/a	n/a	n/a	n/a	n/a	n/a	n/a	n/a	n/a	n/a	n/a	n/a	n/a	n/a	n/a	n/a	n/a	2878.321960	n/a
2880.352997	0.000000	576071	ttl	2	72	n/a	n/a	n/a	n/a	n/a	n/a	n/a	n/a	n/a	n/a	n/a	n/a	n/a	n/a	n/a	n/a	n/a	n/a	n/a	n/a	n/a	2880.352997	n/a
2881.662542	0.000000	576333	ttl	4	72	n/a	n/a	n/a	n/a	n/a	n/a	n/a	n/a	n/a	n/a	n/a	n/a	n/a	n/a	n/a	n/a	n/a	n/a	n/a	n/a	n/a	2881.662542	n/a
2881.683035	0.000000	576337	ttl	11	72	n/a	n/a	n/a	n/a	n/a	n/a	n/a	n/a	n/a	n/a	n/a	n/a	n/a	n/a	n/a	n/a	n/a	n/a	n/a	n/a	n/a	2881.683035	n/a
2882.325059	2.031432	576465	time_discrimination	n/a	n/a	n/a	72.0	n/a	n/a	n/a	2881.6830354999997	n/a	1.9459343444177648	1.0	3	3.0	HB_1_LongA.png	n/a	2	2886.302425	n/a	158	1	2	intervals/timediscrimination_table	157	2882.325059	2884.356491
2882.325059	0.000000	576465	ttl	1	72	n/a	n/a	n/a	n/a	n/a	n/a	n/a	n/a	n/a	n/a	n/a	n/a	n/a	n/a	n/a	n/a	n/a	n/a	n/a	n/a	n/a	2882.325059	n/a
2884.356491	0.000000	576871	ttl	2	72	n/a	n/a	n/a	n/a	n/a	n/a	n/a	n/a	n/a	n/a	n/a	n/a	n/a	n/a	n/a	n/a	n/a	n/a	n/a	n/a	n/a	2884.356491	n/a
2886.302425	0.000000	577260	ttl	4	72	n/a	n/a	n/a	n/a	n/a	n/a	n/a	n/a	n/a	n/a	n/a	n/a	n/a	n/a	n/a	n/a	n/a	n/a	n/a	n/a	n/a	2886.302425	n/a
2886.323400	0.000000	577265	ttl	11	72	n/a	n/a	n/a	n/a	n/a	n/a	n/a	n/a	n/a	n/a	n/a	n/a	n/a	n/a	n/a	n/a	n/a	n/a	n/a	n/a	n/a	2886.323400	n/a
2886.945364	2.031976	577389	time_discrimination	n/a	n/a	n/a	72.0	n/a	n/a	n/a	2886.32340025	n/a	1.1521304950874764	1.0	1	1.0	NB_13_ShortA.png	n/a	5	2890.12947025	n/a	159	2	1	intervals/timediscrimination_table	158	2886.945364	2888.977340
2886.945364	0.000000	577389	ttl	1	72	n/a	n/a	n/a	n/a	n/a	n/a	n/a	n/a	n/a	n/a	n/a	n/a	n/a	n/a	n/a	n/a	n/a	n/a	n/a	n/a	n/a	2886.945364	n/a
2888.977340	0.000000	577795	ttl	2	72	n/a	n/a	n/a	n/a	n/a	n/a	n/a	n/a	n/a	n/a	n/a	n/a	n/a	n/a	n/a	n/a	n/a	n/a	n/a	n/a	n/a	2888.977340	n/a
2890.129470	0.000000	578026	ttl	4	72	n/a	n/a	n/a	n/a	n/a	n/a	n/a	n/a	n/a	n/a	n/a	n/a	n/a	n/a	n/a	n/a	n/a	n/a	n/a	n/a	n/a	2890.129470	n/a
2890.151943	0.000000	578030	ttl	11	72	n/a	n/a	n/a	n/a	n/a	n/a	n/a	n/a	n/a	n/a	n/a	n/a	n/a	n/a	n/a	n/a	n/a	n/a	n/a	n/a	n/a	2890.151943	n/a
2890.733866	2.031472	578147	time_discrimination	n/a	n/a	n/a	72.0	n/a	n/a	n/a	2890.15194325	n/a	0.6386199670960195	1.0	1	3.0	NB_16_ShortA.png	n/a	7	2893.403958	n/a	160	2	1	intervals/timediscrimination_table	159	2890.733866	2892.765338
2890.733866	0.000000	578147	ttl	1	72	n/a	n/a	n/a	n/a	n/a	n/a	n/a	n/a	n/a	n/a	n/a	n/a	n/a	n/a	n/a	n/a	n/a	n/a	n/a	n/a	n/a	2890.733866	n/a
2892.765338	0.000000	578553	ttl	2	72	n/a	n/a	n/a	n/a	n/a	n/a	n/a	n/a	n/a	n/a	n/a	n/a	n/a	n/a	n/a	n/a	n/a	n/a	n/a	n/a	n/a	2892.765338	n/a
2893.403958	0.000000	578681	ttl	4	72	n/a	n/a	n/a	n/a	n/a	n/a	n/a	n/a	n/a	n/a	n/a	n/a	n/a	n/a	n/a	n/a	n/a	n/a	n/a	n/a	n/a	2893.403958	n/a
2893.422342	0.000000	578684	ttl	11	72	n/a	n/a	n/a	n/a	n/a	n/a	n/a	n/a	n/a	n/a	n/a	n/a	n/a	n/a	n/a	n/a	n/a	n/a	n/a	n/a	n/a	2893.422342	n/a
2894.024443	2.030998	578805	time_discrimination	n/a	n/a	n/a	72.0	n/a	n/a	n/a	2893.42234225	n/a	1.4015011394803878	1.0	2	3.0	SB_13_ShortA.png	n/a	2	2897.45694275	n/a	161	1	2	intervals/timediscrimination_table	160	2894.024443	2896.055441
2894.024443	0.000000	578805	ttl	1	72	n/a	n/a	n/a	n/a	n/a	n/a	n/a	n/a	n/a	n/a	n/a	n/a	n/a	n/a	n/a	n/a	n/a	n/a	n/a	n/a	n/a	2894.024443	n/a
2896.055441	0.000000	579211	ttl	2	72	n/a	n/a	n/a	n/a	n/a	n/a	n/a	n/a	n/a	n/a	n/a	n/a	n/a	n/a	n/a	n/a	n/a	n/a	n/a	n/a	n/a	2896.055441	n/a
2897.456943	0.000000	579491	ttl	4	72	n/a	n/a	n/a	n/a	n/a	n/a	n/a	n/a	n/a	n/a	n/a	n/a	n/a	n/a	n/a	n/a	n/a	n/a	n/a	n/a	n/a	2897.456943	n/a
2897.466774	0.000000	579493	ttl	11	72	n/a	n/a	n/a	n/a	n/a	n/a	n/a	n/a	n/a	n/a	n/a	n/a	n/a	n/a	n/a	n/a	n/a	n/a	n/a	n/a	n/a	2897.466774	n/a
2898.129052	2.030928	579626	time_discrimination	n/a	n/a	n/a	72.0	n/a	n/a	n/a	2897.46677375	n/a	0.7236857672105543	1.0	2	3.0	SB_34_ShortA.png	n/a	2	2900.8836655	n/a	162	1	2	intervals/timediscrimination_table	161	2898.129052	2900.159980
2898.129052	0.000000	579626	ttl	1	72	n/a	n/a	n/a	n/a	n/a	n/a	n/a	n/a	n/a	n/a	n/a	n/a	n/a	n/a	n/a	n/a	n/a	n/a	n/a	n/a	n/a	2898.129052	n/a
2900.159980	0.000000	580032	ttl	2	72	n/a	n/a	n/a	n/a	n/a	n/a	n/a	n/a	n/a	n/a	n/a	n/a	n/a	n/a	n/a	n/a	n/a	n/a	n/a	n/a	n/a	2900.159980	n/a
2900.883666	0.000000	580177	ttl	4	72	n/a	n/a	n/a	n/a	n/a	n/a	n/a	n/a	n/a	n/a	n/a	n/a	n/a	n/a	n/a	n/a	n/a	n/a	n/a	n/a	n/a	2900.883666	n/a
2900.904665	0.000000	580181	ttl	11	72	n/a	n/a	n/a	n/a	n/a	n/a	n/a	n/a	n/a	n/a	n/a	n/a	n/a	n/a	n/a	n/a	n/a	n/a	n/a	n/a	n/a	2900.904665	n/a
2901.486640	2.031302	580297	time_discrimination	n/a	n/a	n/a	72.0	n/a	n/a	n/a	2900.9046654999997	n/a	2.7457863290183013	2.0	3	3.0	HB_44_LongA.png	n/a	2	2906.263728	n/a	163	1	1	intervals/timediscrimination_table	162	2901.486640	2903.517942
2901.486640	0.000000	580297	ttl	1	72	n/a	n/a	n/a	n/a	n/a	n/a	n/a	n/a	n/a	n/a	n/a	n/a	n/a	n/a	n/a	n/a	n/a	n/a	n/a	n/a	n/a	2901.486640	n/a
2903.517942	0.000000	580704	ttl	2	72	n/a	n/a	n/a	n/a	n/a	n/a	n/a	n/a	n/a	n/a	n/a	n/a	n/a	n/a	n/a	n/a	n/a	n/a	n/a	n/a	n/a	2903.517942	n/a
2906.263728	0.000000	581253	ttl	4	72	n/a	n/a	n/a	n/a	n/a	n/a	n/a	n/a	n/a	n/a	n/a	n/a	n/a	n/a	n/a	n/a	n/a	n/a	n/a	n/a	n/a	2906.263728	n/a
2906.281305	0.000000	581256	ttl	11	72	n/a	n/a	n/a	n/a	n/a	n/a	n/a	n/a	n/a	n/a	n/a	n/a	n/a	n/a	n/a	n/a	n/a	n/a	n/a	n/a	n/a	2906.281305	n/a
2906.863318	2.031228	581373	time_discrimination	n/a	n/a	n/a	72.0	n/a	n/a	n/a	2906.281305	n/a	3.3387947442679433	1.0	1	3.0	NB_8_ShortA.png	n/a	2	2912.2333415	n/a	164	1	2	intervals/timediscrimination_table	163	2906.863318	2908.894547
2906.863318	0.000000	581373	ttl	1	72	n/a	n/a	n/a	n/a	n/a	n/a	n/a	n/a	n/a	n/a	n/a	n/a	n/a	n/a	n/a	n/a	n/a	n/a	n/a	n/a	n/a	2906.863318	n/a
2908.894547	0.000000	581779	ttl	2	72	n/a	n/a	n/a	n/a	n/a	n/a	n/a	n/a	n/a	n/a	n/a	n/a	n/a	n/a	n/a	n/a	n/a	n/a	n/a	n/a	n/a	2908.894547	n/a
2912.233341	0.000000	582447	ttl	4	72	n/a	n/a	n/a	n/a	n/a	n/a	n/a	n/a	n/a	n/a	n/a	n/a	n/a	n/a	n/a	n/a	n/a	n/a	n/a	n/a	n/a	2912.233341	n/a
2912.257391	0.000000	582451	ttl	11	72	n/a	n/a	n/a	n/a	n/a	n/a	n/a	n/a	n/a	n/a	n/a	n/a	n/a	n/a	n/a	n/a	n/a	n/a	n/a	n/a	n/a	2912.257391	n/a
2912.839532	2.031318	582568	time_discrimination	n/a	n/a	n/a	72.0	n/a	n/a	n/a	2912.2573909999996	n/a	0.5278257544268854	1.0	1	1.0	NB_4_ShortA.png	n/a	4	2915.3986757499997	n/a	165	1	2	intervals/timediscrimination_table	164	2912.839532	2914.870850
2912.839532	0.000000	582568	ttl	1	72	n/a	n/a	n/a	n/a	n/a	n/a	n/a	n/a	n/a	n/a	n/a	n/a	n/a	n/a	n/a	n/a	n/a	n/a	n/a	n/a	n/a	2912.839532	n/a
2914.870850	0.000000	582974	ttl	2	72	n/a	n/a	n/a	n/a	n/a	n/a	n/a	n/a	n/a	n/a	n/a	n/a	n/a	n/a	n/a	n/a	n/a	n/a	n/a	n/a	n/a	2914.870850	n/a
2915.398676	0.000000	583080	ttl	4	72	n/a	n/a	n/a	n/a	n/a	n/a	n/a	n/a	n/a	n/a	n/a	n/a	n/a	n/a	n/a	n/a	n/a	n/a	n/a	n/a	n/a	2915.398676	n/a
2915.414574	0.000000	583083	ttl	11	72	n/a	n/a	n/a	n/a	n/a	n/a	n/a	n/a	n/a	n/a	n/a	n/a	n/a	n/a	n/a	n/a	n/a	n/a	n/a	n/a	n/a	2915.414574	n/a
2916.096878	2.031408	583219	time_discrimination	n/a	n/a	n/a	72.0	n/a	n/a	n/a	2915.41457375	n/a	2.807162807046552	2.0	3	3.0	HB_47_ShortA.png	n/a	2	2920.9354492499997	n/a	166	1	1	intervals/timediscrimination_table	165	2916.096878	2918.128286
2916.096878	0.000000	583219	ttl	1	72	n/a	n/a	n/a	n/a	n/a	n/a	n/a	n/a	n/a	n/a	n/a	n/a	n/a	n/a	n/a	n/a	n/a	n/a	n/a	n/a	n/a	2916.096878	n/a
2918.128286	0.000000	583626	ttl	2	72	n/a	n/a	n/a	n/a	n/a	n/a	n/a	n/a	n/a	n/a	n/a	n/a	n/a	n/a	n/a	n/a	n/a	n/a	n/a	n/a	n/a	2918.128286	n/a
2920.935449	0.000000	584187	ttl	4	72	n/a	n/a	n/a	n/a	n/a	n/a	n/a	n/a	n/a	n/a	n/a	n/a	n/a	n/a	n/a	n/a	n/a	n/a	n/a	n/a	n/a	2920.935449	n/a
2920.946485	0.000000	584189	ttl	11	72	n/a	n/a	n/a	n/a	n/a	n/a	n/a	n/a	n/a	n/a	n/a	n/a	n/a	n/a	n/a	n/a	n/a	n/a	n/a	n/a	n/a	2920.946485	n/a
2921.508397	2.031311	584302	time_discrimination	n/a	n/a	n/a	72.0	n/a	n/a	n/a	2920.94648525	n/a	2.0210838887287537	1.0	3	1.0	HB_13_LongA.png	n/a	5	2925.5607919999998	n/a	167	2	1	intervals/timediscrimination_table	166	2921.508397	2923.539708
2921.508397	0.000000	584302	ttl	1	72	n/a	n/a	n/a	n/a	n/a	n/a	n/a	n/a	n/a	n/a	n/a	n/a	n/a	n/a	n/a	n/a	n/a	n/a	n/a	n/a	n/a	2921.508397	n/a
2923.539708	0.000000	584708	ttl	2	72	n/a	n/a	n/a	n/a	n/a	n/a	n/a	n/a	n/a	n/a	n/a	n/a	n/a	n/a	n/a	n/a	n/a	n/a	n/a	n/a	n/a	2923.539708	n/a
2925.560792	0.000000	585112	ttl	4	72	n/a	n/a	n/a	n/a	n/a	n/a	n/a	n/a	n/a	n/a	n/a	n/a	n/a	n/a	n/a	n/a	n/a	n/a	n/a	n/a	n/a	2925.560792	n/a
2925.582248	0.000000	585116	ttl	11	72	n/a	n/a	n/a	n/a	n/a	n/a	n/a	n/a	n/a	n/a	n/a	n/a	n/a	n/a	n/a	n/a	n/a	n/a	n/a	n/a	n/a	2925.582248	n/a
2926.224387	2.031268	585245	time_discrimination	n/a	n/a	n/a	72.0	n/a	n/a	n/a	2925.58224775	n/a	2.4515872421179665	1.0	2	1.0	SB_60_ShortA.png	n/a	5	2930.707242	n/a	168	2	1	intervals/timediscrimination_table	167	2926.224387	2928.255655
2926.224387	0.000000	585245	ttl	1	72	n/a	n/a	n/a	n/a	n/a	n/a	n/a	n/a	n/a	n/a	n/a	n/a	n/a	n/a	n/a	n/a	n/a	n/a	n/a	n/a	n/a	2926.224387	n/a
2928.255655	0.000000	585651	ttl	2	72	n/a	n/a	n/a	n/a	n/a	n/a	n/a	n/a	n/a	n/a	n/a	n/a	n/a	n/a	n/a	n/a	n/a	n/a	n/a	n/a	n/a	2928.255655	n/a
2930.707242	0.000000	586141	ttl	4	72	n/a	n/a	n/a	n/a	n/a	n/a	n/a	n/a	n/a	n/a	n/a	n/a	n/a	n/a	n/a	n/a	n/a	n/a	n/a	n/a	n/a	2930.707242	n/a
2930.725569	0.000000	586145	ttl	11	72	n/a	n/a	n/a	n/a	n/a	n/a	n/a	n/a	n/a	n/a	n/a	n/a	n/a	n/a	n/a	n/a	n/a	n/a	n/a	n/a	n/a	2930.725569	n/a
2931.387751	2.031423	586278	time_discrimination	n/a	n/a	n/a	72.0	n/a	n/a	n/a	2930.7255695	n/a	2.120095075471909	2.0	3	3.0	HB_31_ShortA.png	n/a	2	2935.5392695	n/a	169	1	1	intervals/timediscrimination_table	168	2931.387751	2933.419174
2931.387751	0.000000	586278	ttl	1	72	n/a	n/a	n/a	n/a	n/a	n/a	n/a	n/a	n/a	n/a	n/a	n/a	n/a	n/a	n/a	n/a	n/a	n/a	n/a	n/a	n/a	2931.387751	n/a
2933.419174	0.000000	586684	ttl	2	72	n/a	n/a	n/a	n/a	n/a	n/a	n/a	n/a	n/a	n/a	n/a	n/a	n/a	n/a	n/a	n/a	n/a	n/a	n/a	n/a	n/a	2933.419174	n/a
2935.539270	0.000000	587108	ttl	4	72	n/a	n/a	n/a	n/a	n/a	n/a	n/a	n/a	n/a	n/a	n/a	n/a	n/a	n/a	n/a	n/a	n/a	n/a	n/a	n/a	n/a	2935.539270	n/a
2935.559532	0.000000	587112	ttl	11	72	n/a	n/a	n/a	n/a	n/a	n/a	n/a	n/a	n/a	n/a	n/a	n/a	n/a	n/a	n/a	n/a	n/a	n/a	n/a	n/a	n/a	2935.559532	n/a
2936.221937	2.031303	587244	time_discrimination	n/a	n/a	n/a	72.0	n/a	n/a	n/a	2935.5595317499997	n/a	1.1911228418175597	1.0	2	3.0	SB_59_ShortA.png	n/a	2	2939.4443619999997	n/a	170	1	2	intervals/timediscrimination_table	169	2936.221937	2938.253239
2936.221937	0.000000	587244	ttl	1	72	n/a	n/a	n/a	n/a	n/a	n/a	n/a	n/a	n/a	n/a	n/a	n/a	n/a	n/a	n/a	n/a	n/a	n/a	n/a	n/a	n/a	2936.221937	n/a
2938.253239	0.000000	587651	ttl	2	72	n/a	n/a	n/a	n/a	n/a	n/a	n/a	n/a	n/a	n/a	n/a	n/a	n/a	n/a	n/a	n/a	n/a	n/a	n/a	n/a	n/a	2938.253239	n/a
2939.444362	0.000000	587889	ttl	4	72	n/a	n/a	n/a	n/a	n/a	n/a	n/a	n/a	n/a	n/a	n/a	n/a	n/a	n/a	n/a	n/a	n/a	n/a	n/a	n/a	n/a	2939.444362	n/a
2939.452096	0.000000	587890	ttl	11	72	n/a	n/a	n/a	n/a	n/a	n/a	n/a	n/a	n/a	n/a	n/a	n/a	n/a	n/a	n/a	n/a	n/a	n/a	n/a	n/a	n/a	2939.452096	n/a
2940.053981	2.031381	588011	time_discrimination	n/a	n/a	n/a	72.0	n/a	n/a	n/a	2939.452096	n/a	1.7946014966146322	1.0	1	3.0	NB_7_LongA.png	n/a	7	2943.8799635	n/a	171	2	1	intervals/timediscrimination_table	170	2940.053981	2942.085362
2940.053981	0.000000	588011	ttl	1	72	n/a	n/a	n/a	n/a	n/a	n/a	n/a	n/a	n/a	n/a	n/a	n/a	n/a	n/a	n/a	n/a	n/a	n/a	n/a	n/a	n/a	2940.053981	n/a
2942.085362	0.000000	588417	ttl	2	72	n/a	n/a	n/a	n/a	n/a	n/a	n/a	n/a	n/a	n/a	n/a	n/a	n/a	n/a	n/a	n/a	n/a	n/a	n/a	n/a	n/a	2942.085362	n/a
2943.879964	0.000000	588776	ttl	4	72	n/a	n/a	n/a	n/a	n/a	n/a	n/a	n/a	n/a	n/a	n/a	n/a	n/a	n/a	n/a	n/a	n/a	n/a	n/a	n/a	n/a	2943.879964	n/a
2943.887899	0.000000	588778	ttl	11	72	n/a	n/a	n/a	n/a	n/a	n/a	n/a	n/a	n/a	n/a	n/a	n/a	n/a	n/a	n/a	n/a	n/a	n/a	n/a	n/a	n/a	2943.887899	n/a
2944.490001	2.031218	588898	time_discrimination	n/a	n/a	n/a	72.0	n/a	n/a	n/a	2943.88789925	n/a	1.9989839218033012	2.0	2	3.0	SB_19_LongA.png	n/a	7	2948.5202032499997	n/a	172	2	2	intervals/timediscrimination_table	171	2944.490001	2946.521219
2944.490001	0.000000	588898	ttl	1	72	n/a	n/a	n/a	n/a	n/a	n/a	n/a	n/a	n/a	n/a	n/a	n/a	n/a	n/a	n/a	n/a	n/a	n/a	n/a	n/a	n/a	2944.490001	n/a
2946.521219	0.000000	589304	ttl	2	72	n/a	n/a	n/a	n/a	n/a	n/a	n/a	n/a	n/a	n/a	n/a	n/a	n/a	n/a	n/a	n/a	n/a	n/a	n/a	n/a	n/a	2946.521219	n/a
2948.520203	0.000000	589704	ttl	4	72	n/a	n/a	n/a	n/a	n/a	n/a	n/a	n/a	n/a	n/a	n/a	n/a	n/a	n/a	n/a	n/a	n/a	n/a	n/a	n/a	n/a	2948.520203	n/a
2948.535210	0.000000	589707	ttl	11	72	n/a	n/a	n/a	n/a	n/a	n/a	n/a	n/a	n/a	n/a	n/a	n/a	n/a	n/a	n/a	n/a	n/a	n/a	n/a	n/a	n/a	2948.535210	n/a
2949.197427	2.030829	589839	time_discrimination	n/a	n/a	n/a	72.0	n/a	n/a	n/a	2948.53520975	n/a	2.0530625962564955	2.0	1	3.0	NB_21_ShortA.png	n/a	2	2953.28131875	n/a	173	1	1	intervals/timediscrimination_table	172	2949.197427	2951.228256
2949.197427	0.000000	589839	ttl	1	72	n/a	n/a	n/a	n/a	n/a	n/a	n/a	n/a	n/a	n/a	n/a	n/a	n/a	n/a	n/a	n/a	n/a	n/a	n/a	n/a	n/a	2949.197427	n/a
2951.228256	0.000000	590246	ttl	2	72	n/a	n/a	n/a	n/a	n/a	n/a	n/a	n/a	n/a	n/a	n/a	n/a	n/a	n/a	n/a	n/a	n/a	n/a	n/a	n/a	n/a	2951.228256	n/a
2953.281319	0.000000	590656	ttl	4	72	n/a	n/a	n/a	n/a	n/a	n/a	n/a	n/a	n/a	n/a	n/a	n/a	n/a	n/a	n/a	n/a	n/a	n/a	n/a	n/a	n/a	2953.281319	n/a
2953.303181	0.000000	590661	ttl	11	72	n/a	n/a	n/a	n/a	n/a	n/a	n/a	n/a	n/a	n/a	n/a	n/a	n/a	n/a	n/a	n/a	n/a	n/a	n/a	n/a	n/a	2953.303181	n/a
2953.925288	2.031292	590785	time_discrimination	n/a	n/a	n/a	72.0	n/a	n/a	n/a	2953.3031807499997	n/a	2.4352894258190645	1.0	2	1.0	SB_47_LongA.png	n/a	4	2958.391869	n/a	174	1	2	intervals/timediscrimination_table	173	2953.925288	2955.956579
2953.925288	0.000000	590785	ttl	1	72	n/a	n/a	n/a	n/a	n/a	n/a	n/a	n/a	n/a	n/a	n/a	n/a	n/a	n/a	n/a	n/a	n/a	n/a	n/a	n/a	n/a	2953.925288	n/a
2955.956579	0.000000	591191	ttl	2	72	n/a	n/a	n/a	n/a	n/a	n/a	n/a	n/a	n/a	n/a	n/a	n/a	n/a	n/a	n/a	n/a	n/a	n/a	n/a	n/a	n/a	2955.956579	n/a
2958.391869	0.000000	591678	ttl	4	72	n/a	n/a	n/a	n/a	n/a	n/a	n/a	n/a	n/a	n/a	n/a	n/a	n/a	n/a	n/a	n/a	n/a	n/a	n/a	n/a	n/a	2958.391869	n/a
2958.398554	0.000000	591680	ttl	11	72	n/a	n/a	n/a	n/a	n/a	n/a	n/a	n/a	n/a	n/a	n/a	n/a	n/a	n/a	n/a	n/a	n/a	n/a	n/a	n/a	n/a	2958.398554	n/a
2959.060712	2.031506	591812	time_discrimination	n/a	n/a	n/a	72.0	n/a	n/a	n/a	2958.39855375	n/a	2.4123335049225716	1.0	2	3.0	SB_20_LongA.png	n/a	7	2963.5045514999997	n/a	175	2	1	intervals/timediscrimination_table	174	2959.060712	2961.092218
2959.060712	0.000000	591812	ttl	1	72	n/a	n/a	n/a	n/a	n/a	n/a	n/a	n/a	n/a	n/a	n/a	n/a	n/a	n/a	n/a	n/a	n/a	n/a	n/a	n/a	n/a	2959.060712	n/a
2961.092218	0.000000	592218	ttl	2	72	n/a	n/a	n/a	n/a	n/a	n/a	n/a	n/a	n/a	n/a	n/a	n/a	n/a	n/a	n/a	n/a	n/a	n/a	n/a	n/a	n/a	2961.092218	n/a
2963.504551	0.000000	592701	ttl	4	72	n/a	n/a	n/a	n/a	n/a	n/a	n/a	n/a	n/a	n/a	n/a	n/a	n/a	n/a	n/a	n/a	n/a	n/a	n/a	n/a	n/a	2963.504551	n/a
2963.524931	0.000000	592705	ttl	11	72	n/a	n/a	n/a	n/a	n/a	n/a	n/a	n/a	n/a	n/a	n/a	n/a	n/a	n/a	n/a	n/a	n/a	n/a	n/a	n/a	n/a	2963.524931	n/a
2964.106995	2.031209	592821	time_discrimination	n/a	n/a	n/a	72.0	n/a	n/a	n/a	2963.52493125	n/a	2.1424086764018284	1.0	1	3.0	NB_28_LongA.png	n/a	2	2968.2806135	n/a	176	1	2	intervals/timediscrimination_table	175	2964.106995	2966.138205
2964.106995	0.000000	592821	ttl	1	72	n/a	n/a	n/a	n/a	n/a	n/a	n/a	n/a	n/a	n/a	n/a	n/a	n/a	n/a	n/a	n/a	n/a	n/a	n/a	n/a	n/a	2964.106995	n/a
2966.138205	0.000000	593228	ttl	2	72	n/a	n/a	n/a	n/a	n/a	n/a	n/a	n/a	n/a	n/a	n/a	n/a	n/a	n/a	n/a	n/a	n/a	n/a	n/a	n/a	n/a	2966.138205	n/a
2968.280614	0.000000	593656	ttl	4	72	n/a	n/a	n/a	n/a	n/a	n/a	n/a	n/a	n/a	n/a	n/a	n/a	n/a	n/a	n/a	n/a	n/a	n/a	n/a	n/a	n/a	2968.280614	n/a
2968.286897	0.000000	593657	ttl	11	72	n/a	n/a	n/a	n/a	n/a	n/a	n/a	n/a	n/a	n/a	n/a	n/a	n/a	n/a	n/a	n/a	n/a	n/a	n/a	n/a	n/a	2968.286897	n/a
2968.949271	2.030966	593790	time_discrimination	n/a	n/a	n/a	72.0	n/a	n/a	n/a	2968.28689725	n/a	2.5275466345919995	2.0	2	1.0	SB_51_ShortA.png	n/a	4	2973.5077834999997	n/a	177	1	1	intervals/timediscrimination_table	176	2968.949271	2970.980237
2968.949271	0.000000	593790	ttl	1	72	n/a	n/a	n/a	n/a	n/a	n/a	n/a	n/a	n/a	n/a	n/a	n/a	n/a	n/a	n/a	n/a	n/a	n/a	n/a	n/a	n/a	2968.949271	n/a
2970.980237	0.000000	594196	ttl	2	72	n/a	n/a	n/a	n/a	n/a	n/a	n/a	n/a	n/a	n/a	n/a	n/a	n/a	n/a	n/a	n/a	n/a	n/a	n/a	n/a	n/a	2970.980237	n/a
2973.507783	0.000000	594702	ttl	4	72	n/a	n/a	n/a	n/a	n/a	n/a	n/a	n/a	n/a	n/a	n/a	n/a	n/a	n/a	n/a	n/a	n/a	n/a	n/a	n/a	n/a	2973.507783	n/a
2973.523461	0.000000	594705	ttl	11	72	n/a	n/a	n/a	n/a	n/a	n/a	n/a	n/a	n/a	n/a	n/a	n/a	n/a	n/a	n/a	n/a	n/a	n/a	n/a	n/a	n/a	2973.523461	n/a
2974.165489	2.031194	594833	time_discrimination	n/a	n/a	n/a	72.0	n/a	n/a	n/a	2973.5234609999998	n/a	1.3925615814659977	1.0	2	3.0	SB_52_LongA.png	n/a	7	2977.5892452499997	n/a	178	2	1	intervals/timediscrimination_table	177	2974.165489	2976.196684
2974.165489	0.000000	594833	ttl	1	72	n/a	n/a	n/a	n/a	n/a	n/a	n/a	n/a	n/a	n/a	n/a	n/a	n/a	n/a	n/a	n/a	n/a	n/a	n/a	n/a	n/a	2974.165489	n/a
2976.196684	0.000000	595239	ttl	2	72	n/a	n/a	n/a	n/a	n/a	n/a	n/a	n/a	n/a	n/a	n/a	n/a	n/a	n/a	n/a	n/a	n/a	n/a	n/a	n/a	n/a	2976.196684	n/a
2977.589245	0.000000	595518	ttl	4	72	n/a	n/a	n/a	n/a	n/a	n/a	n/a	n/a	n/a	n/a	n/a	n/a	n/a	n/a	n/a	n/a	n/a	n/a	n/a	n/a	n/a	2977.589245	n/a
2977.662959	0.000000	595533	ttl	11	72	n/a	n/a	n/a	n/a	n/a	n/a	n/a	n/a	n/a	n/a	n/a	n/a	n/a	n/a	n/a	n/a	n/a	n/a	n/a	n/a	n/a	2977.662959	n/a
2978.313289	2.038051	595663	time_discrimination	n/a	n/a	n/a	72.0	n/a	n/a	n/a	2977.662959	n/a	1.7859734596277121	2.0	2	3.0	SB_30_ShortA.png	n/a	2	2982.13731375	n/a	179	1	1	intervals/timediscrimination_table	178	2978.313289	2980.351340
2978.313289	0.000000	595663	ttl	1	72	n/a	n/a	n/a	n/a	n/a	n/a	n/a	n/a	n/a	n/a	n/a	n/a	n/a	n/a	n/a	n/a	n/a	n/a	n/a	n/a	n/a	2978.313289	n/a
2980.351340	0.000000	596070	ttl	2	72	n/a	n/a	n/a	n/a	n/a	n/a	n/a	n/a	n/a	n/a	n/a	n/a	n/a	n/a	n/a	n/a	n/a	n/a	n/a	n/a	n/a	2980.351340	n/a
2982.137314	0.000000	596427	ttl	4	72	n/a	n/a	n/a	n/a	n/a	n/a	n/a	n/a	n/a	n/a	n/a	n/a	n/a	n/a	n/a	n/a	n/a	n/a	n/a	n/a	n/a	2982.137314	n/a
2982.199264	0.000000	596440	ttl	11	72	n/a	n/a	n/a	n/a	n/a	n/a	n/a	n/a	n/a	n/a	n/a	n/a	n/a	n/a	n/a	n/a	n/a	n/a	n/a	n/a	n/a	2982.199264	n/a
2982.838947	2.046606	596568	time_discrimination	n/a	n/a	n/a	72.0	n/a	n/a	n/a	2982.19926425	n/a	2.1893822201091098	2.0	2	2.0	SB_30_LongA.png	n/a	6	2987.0749345	n/a	180	2	2	intervals/timediscrimination_table	179	2982.838947	2984.885552
2982.838947	0.000000	596568	ttl	1	72	n/a	n/a	n/a	n/a	n/a	n/a	n/a	n/a	n/a	n/a	n/a	n/a	n/a	n/a	n/a	n/a	n/a	n/a	n/a	n/a	n/a	2982.838947	n/a
2984.885552	0.000000	596977	ttl	2	72	n/a	n/a	n/a	n/a	n/a	n/a	n/a	n/a	n/a	n/a	n/a	n/a	n/a	n/a	n/a	n/a	n/a	n/a	n/a	n/a	n/a	2984.885552	n/a
2987.074934	0.000000	597415	ttl	4	72	n/a	n/a	n/a	n/a	n/a	n/a	n/a	n/a	n/a	n/a	n/a	n/a	n/a	n/a	n/a	n/a	n/a	n/a	n/a	n/a	n/a	2987.074934	n/a
2987.129994	0.000000	597426	ttl	60	72	n/a	n/a	n/a	n/a	n/a	n/a	n/a	n/a	n/a	n/a	n/a	n/a	n/a	n/a	n/a	n/a	n/a	n/a	n/a	n/a	n/a	2987.129994	n/a
